INSERT INTO `acupragold` VALUES
(0,1,25,0,1,1.03),
(0,2,30,0,1,2.06),
(0,3,550,10,1,2.06),
(1,1,105,0,1,3.25),
(1,2,115,0,1,4.44),
(1,3,1100,10,1,4.44),
(2,1,253,0,1,5.85),
(2,2,268,0,1,7.26),
(2,3,3130,10,1,7.26),
(3,1,338,0,1,8.87),
(3,2,358,0,1,10.48),
(3,3,5560,10,1,10.48),
(4,1,576,0,1,12.42),
(4,2,601,0,1,14.36),
(4,3,7360,10,1,14.36),
(5,1,753,0,1,16.70),
(5,2,783,0,1,19.04),
(5,3,9020,10,1,19.04),
(6,1,1166,0,1,22.15),
(6,2,1201,0,1,25.26),
(6,3,10420,10,1,25.26),
(7,1,1854,0,1,29.82),
(7,2,1894,0,1,34.38),
(7,3,13320,10,1,34.38),
(8,1,3343,0,1,42.19),
(8,2,3388,0,1,50.00),
(8,3,15140,10,1,50.00);
