INSERT INTO `acupra` VALUES
(0,1,1,300,0,0,0),
(0,2,1,474,0,0,0),
(0,3,1,687,10,50000,1),
(1,1,1,938,0,0,0),
(1,2,1,1227,0,0,0),
(1,3,1,1554,20,100000,0),
(2,1,1,1920,0,0,0),
(2,2,1,2323,0,0,0),
(2,3,1,2765,30,150000,0),
(3,1,1,3570,0,0,0),
(3,2,1,4140,0,0,0),
(3,3,1,4752,40,200000,1),
(4,1,1,5406,0,0,0),
(4,2,1,6102,0,0,0),
(4,3,1,7150,50,250000,0),
(5,1,40,7966,0,0,0),
(5,2,40,8825,0,0,0),
(5,3,40,9728,55,300000,0),
(6,1,40,11140,0,0,0),
(6,2,40,12681,0,0,0),
(6,3,40,14359,60,350000,1),
(7,1,40,16177,0,0,0),
(7,2,40,18144,0,0,0),
(7,3,40,20263,65,400000,0),
(8,1,60,22540,0,0,0),
(8,2,60,24983,0,0,0),
(8,3,60,27595,70,450000,0),
(9,1,60,30384,0,0,0),
(9,2,60,33354,0,0,0),
(9,3,60,36511,75,500000,1),
(10,1,60,39861,0,0,0),
(10,2,60,43411,0,0,0),
(10,3,60,47164,80,550000,0),
(11,1,70,51129,0,0,0),
(11,2,70,55309,0,0,0),
(11,3,70,59710,85,600000,0),
(12,1,70,64340,0,0,0),
(12,2,70,69202,0,0,0),
(12,3,70,74304,90,650000,0),
(13,1,70,79650,0,0,0),
(13,2,70,85246,0,0,0),
(13,3,70,91098,95,700000,0),
(14,1,80,97213,0,0,0),
(14,2,80,103594,0,0,0),
(14,3,80,110250,100,750000,0);
