INSERT INTO `cardInfo` VALUES
(4001,4,5,1,0,'太上仙箓'),
(4002,4,5,1,0,'无字天书'),
(4003,4,4,1,0,'琅缳秘笈'),
(4004,4,3,1,0,'内景元宗'),
(4005,4,3,1,0,'地阙金章'),
(4006,4,4,1,0,'紫府迷笈'),
(4007,4,2,1,0,'太阴鬼箓'),
(4008,4,2,1,0,'阴魔迷箓'),
(401,1,5,255,244,'笑和尚'),
(402,1,5,255,245,'秦素因'),
(403,2,4,40,0,'青索剑'),
(404,2,3,40,0,'两界牌'),
(405,2,3,40,0,'纳芥环'),
(406,1,4,255,264,'八魔邱龄'),
(407,2,2,40,0,'玉清针'),
(408,2,2,40,0,'摄心铃'),
(501,1,5,255,246,'严人英'),
(502,1,5,255,247,'李元化'),
(503,2,4,50,0,'紫郢剑'),
(504,2,3,50,0,'渡厄仙衣'),
(505,2,3,50,0,'神农宝鼎'),
(506,1,4,255,265,'青面魔'),
(507,2,2,50,0,'璇光尺'),
(508,2,2,50,0,'软红砂'),
(601,1,5,255,248,'齐灵云'),
(602,1,5,255,249,'申屠宏'),
(603,2,4,60,0,'诛仙剑'),
(604,2,3,60,0,'兜率火'),
(605,2,3,60,0,'法灵精金'),
(606,1,4,255,266,'无华氏'),
(607,2,2,60,0,'血焰叉'),
(608,2,2,60,0,'玄女针'),
(701,1,5,255,250,'周轻云'),
(702,1,5,255,251,'齐霞儿'),
(703,2,4,70,0,'戮仙剑'),
(704,2,3,70,0,'九星莲蓬'),
(705,2,3,70,0,'女娲元石'),
(706,1,4,255,267,'金须奴'),
(707,2,2,70,0,'五火神雷'),
(708,2,2,70,0,'白眉针'),
(801,1,5,255,252,'余英男'),
(802,1,5,255,253,'阮征'),
(803,2,4,80,0,'陷仙剑'),
(804,2,3,80,0,'雪魂珠'),
(805,2,3,80,0,'圣灵之剑'),
(806,1,4,255,268,'幻波芝仙'),
(807,2,2,80,0,'龙雀环'),
(808,2,2,80,0,'贝叶灵符'),
(901,1,5,255,254,'李英琼'),
(902,1,5,255,255,'郑八姑'),
(903,2,4,90,0,'绝仙剑'),
(904,2,3,90,0,'万年温玉'),
(905,2,3,90,0,'紫云仙障'),
(906,1,4,255,269,'艳尸崔盈'),
(907,2,2,90,0,'灭渡金环'),
(908,2,2,90,0,'宙光盘'),
(1001,1,5,255,256,'连山大师'),
(1002,1,5,255,257,'易震'),
(1003,2,4,100,0,'金刚镯'),
(1004,2,3,100,0,'天遁镜'),
(1005,2,3,100,0,'牟尼珠'),
(1006,1,4,255,270,'覆海大圣'),
(1007,2,2,100,0,'香云宝盖'),
(1008,2,2,100,0,'黑煞落魂砂'),
(1101,1,5,255,258,'圣姑伽因'),
(1102,1,5,255,259,'虞重'),
(1103,2,4,110,0,'斩仙葫芦'),
(1104,2,3,110,0,'太皓戈'),
(1105,2,3,110,0,'五遁神斧'),
(1106,1,4,255,271,'毒龙尊者'),
(1107,2,2,110,0,'白骨锁心锤'),
(1108,2,2,110,0,'魔火金幢'),
(1201,1,5,255,260,'血神邓隐'),
(1202,1,5,255,261,'庄易'),
(1203,2,4,120,0,'诛仙阵图'),
(1204,2,3,120,0,'九界困龙珠'),
(1205,2,3,120,0,'降魔禅杖'),
(1206,1,4,255,272,'平天大圣'),
(1207,2,2,120,0,'碧磷冲'),
(1208,2,2,120,0,'七情网'),
(1301,1,5,255,262,'长眉任寿'),
(1302,1,5,255,263,'李洪'),
(1303,2,4,130,0,'盘古幡'),
(1304,2,3,130,0,'碧岚天衣'),
(1305,2,3,130,0,'九霄唤龙枪'),
(1306,1,4,255,273,'幽都圣使'),
(1307,2,2,130,0,'七宝金幢'),
(1308,2,2,130,0,'都天神煞'),
(200,3,4,80,0,'仙墨笔'),
(201,3,4,80,0,'折翼扇'),
(202,3,4,80,0,'西方之焰'),
(203,3,4,80,0,'玫瑰情缘'),
(204,3,4,80,0,'轩辕双剑'),
(205,3,4,80,0,'伏羲古琴'),
(206,3,4,80,0,'QQ管家机器人'),
(207,3,4,80,0,'蓝钻超人'),
(208,3,4,80,0,'小红毛'),
(209,3,4,80,0,'圣诞萌萌的“糖”'),
(210,3,4,80,0,'圣诞老人的包袱'),
(211,3,4,80,0,'爆竹'),
(212,3,4,80,0,'莲花灯'),
(213,3,4,80,0,'女仆头饰'),
(214,3,4,80,0,'兔耳朵'),
(215,3,4,80,0,'大帝之心'),
(216,3,4,80,0,'碧火神炎'),
(217,3,4,80,0,'修罗女皇'),
(218,3,4,80,0,'降世神童'),
(219,3,4,80,0,'萝莉女护士'),
(220,3,4,80,0,'绝代佳人'),
(221,3,4,80,0,'万佛归宗'),
(222,3,4,80,0,'神雕侠杨过'),
(223,3,4,80,0,'小龙女'),
(301,5,2,80,0,'弹子'),
(302,5,3,80,0,'弹弓'),
(303,5,4,80,0,'四驱车'),
(304,5,5,80,0,'棒棒冰'),
(305,5,2,80,0,'陀螺'),
(306,5,2,80,0,'竹蜻蜓'),
(307,5,3,80,0,'溜溜球'),
(308,5,3,80,0,'万花筒'),
(5001,5,2,80,0,'冰镇西瓜'),
(5002,5,3,80,0,'冲浪板'),
(5003,5,4,80,0,'沙滩排球'),
(5004,5,5,80,0,'冰饮'),
(5005,5,2,80,0,'雪糕'),
(5006,5,2,80,0,'遮阳帽'),
(5007,5,3,80,0,'遮阳伞'),
(5008,5,3,80,0,'扇子');
