INSERT INTO `cardupgrade` VALUES
(1,1,1,3,5,2,2,3,5,1,32001),
(2,2,3,7,14,4,6,10,16,1,32002),
(3,3,6,15,29,9,12,20,34,1,32003),
(4,5,10,25,50,15,20,35,60,1,32004),
(5,8,16,40,80,24,32,56,95,1,32005),
(6,12,24,59,117,35,47,82,140,1,32006),
(7,17,33,82,164,49,66,115,196,1,32007),
(8,22,44,110,220,66,88,154,264,1,32008),
(9,29,58,144,288,87,115,202,345,1,32009),
(10,37,74,184,367,110,147,257,440,1,32010),
(11,46,92,230,459,138,184,321,550,2,32011),
(12,57,113,282,564,169,226,395,676,2,32012),
(13,69,137,342,683,205,273,478,819,2,32013),
(14,82,164,409,817,245,327,572,980,2,32014),
(15,97,194,484,967,290,387,677,1160,2,32015),
(16,114,227,567,1134,340,454,794,1360,2,32016),
(17,132,264,659,1318,396,527,923,1581,2,32017),
(18,152,304,760,1520,456,608,1064,1824,2,32018),
(19,175,349,871,1742,523,697,1220,2090,2,32019),
(20,199,397,992,1984,595,794,1389,2380,2,32020),
(21,226,452,1130,2259,678,904,1581,2710,3,32021),
(22,258,516,1290,2579,774,1032,1805,3094,3,32022),
(23,295,590,1474,2947,884,1179,2063,3536,3,32023),
(24,337,674,1684,3367,1010,1347,2357,4040,3,32024),
(25,385,769,1921,3842,1153,1537,2690,4610,3,32025),
(26,438,875,2188,4375,1313,1750,3063,5250,3,32026),
(27,497,994,2485,4970,1491,1988,3479,5964,3,32027),
(28,563,1126,2815,5630,1689,2252,3941,6756,3,32028),
(29,636,1272,3180,6359,1908,2544,4451,7630,3,32029),
(30,716,1432,3580,7159,2148,2864,5011,8590,3,32030),
(31,804,1607,4017,8034,2410,3214,5624,9640,4,32031),
(32,899,1798,4494,8987,2696,3595,6291,10784,4,32032),
(33,1003,2005,5011,10022,3007,4009,7016,12026,4,32033),
(34,1115,2229,5571,11142,3343,4457,7800,13370,4,32034),
(35,1235,2470,6175,12350,3705,4940,8645,14820,4,32035),
(36,1370,2740,6850,13700,4110,5480,9590,16440,4,32036),
(37,1525,3050,7624,15247,4574,6099,10673,18296,4,32037),
(38,1701,3401,8502,17004,5101,6802,11903,20404,4,32038),
(39,1899,3797,9492,18984,5695,7594,13289,22780,4,32039),
(40,2120,4240,10600,21200,6360,8480,14840,25440,4,32040),
(41,2367,4734,11834,23667,7100,9467,16567,28400,5,32041),
(42,2640,5280,13199,26397,7919,10559,18478,31676,5,32042),
(43,2941,5881,14702,29404,8821,11762,20583,35284,5,32043),
(44,3270,6540,16350,32700,9810,13080,22890,39240,5,32044),
(45,3630,7260,18150,36300,10890,14520,25410,43560,5,32045),
(46,4022,8044,20109,40217,12065,16087,28152,48260,5,32046),
(47,4447,8893,22232,44464,13339,17786,31125,53356,5,32047),
(48,4906,9811,24527,49054,14716,19622,34338,58864,5,32048),
(49,5400,10800,27000,54000,16200,21600,37800,64800,5,32049),
(50,5932,11864,29659,59317,17795,23727,41522,71180,5,32050),
(51,6512,13024,32559,65117,19535,26047,45582,78140,6,32051),
(52,7153,14305,35761,71522,21457,28609,50066,85826,6,32052),
(53,7857,15713,39281,78562,23569,31425,54994,94274,6,32053),
(54,8627,17254,43134,86267,25880,34507,60387,103520,6,32054),
(55,9467,18934,47334,94667,28400,37867,66267,113600,6,32055),
(56,10380,20759,51896,103792,31138,41517,72655,124550,6,32056),
(57,11368,22735,56836,113672,34102,45469,79571,136406,6,32057),
(58,12434,24868,62169,124337,37301,49735,87036,149204,6,32058),
(59,13582,27164,67909,135817,40745,54327,95072,162980,6,32059),
(60,14815,29629,74071,148142,44443,59257,103700,177770,6,32060),
(61,16135,32269,80671,161342,48403,64537,112940,193610,7,32061),
(62,17545,35090,87724,175447,52634,70179,122813,210536,7,32062),
(63,19049,38098,95244,190487,57146,76195,133341,228584,7,32063),
(64,20650,41299,103246,206492,61948,82597,144545,247790,7,32064),
(65,22350,44699,111746,223492,67048,89397,156445,268190,7,32065),
(66,24170,48339,120846,241692,72508,96677,169185,290030,7,32066),
(67,26132,52263,130656,261312,78394,104525,182919,313574,7,32067),
(68,28241,56481,141203,282405,84722,112962,197684,338886,7,32068),
(69,30503,61005,152513,305025,91508,122010,213518,366030,7,32069),
(70,32923,65845,164613,329225,98768,131690,230458,395070,7,32070),
(71,35506,71012,177530,355059,106518,142024,248541,426070,8,32071),
(72,38258,76516,191290,382579,114774,153032,267805,459094,8,32072),
(73,41184,82368,205920,411839,123552,164736,288287,494206,8,32073),
(74,44290,88579,221446,442892,132868,177157,310025,531470,8,32074),
(75,47580,95159,237896,475792,142738,190317,333055,570950,8,32075),
(76,51060,102119,255296,510592,153178,204237,357415,612710,8,32076),
(77,54735,109469,273673,547345,164204,218938,383142,656814,8,32077),
(78,58611,117221,293053,586105,175832,234442,410274,703326,8,32078),
(79,62693,125385,313463,626925,188078,250770,438848,752310,8,32079),
(80,66986,133972,334930,669859,200958,267944,468901,803830,8,32080),
(81,71496,142992,357480,714959,214488,285984,500471,857950,9,32081),
(82,76228,152456,381140,762279,228684,304912,533595,914734,9,32082),
(83,81188,162375,405936,811872,243562,324749,568311,974246,9,32083),
(84,86380,172759,431896,863792,259138,345517,604655,1036550,9,32084),
(85,91810,183619,459046,918092,275428,367237,642665,1101710,9,32085),
(86,97483,194965,487413,974825,292448,389930,682378,1169790,9,32086),
(87,103405,206809,517023,1034045,310214,413618,723832,1240854,9,32087),
(88,109581,219161,547903,1095805,328742,438322,767064,1314966,9,32088),
(89,116016,232032,580080,1160159,348048,464064,812111,1392190,9,32089),
(90,122716,245432,613580,1227159,368148,490864,859011,1472590,9,32090),
(91,129686,259372,648430,1296859,389058,518744,907801,1556230,10,32091),
(92,136932,273863,684656,1369312,410794,547725,958519,1643174,10,32092),
(93,144458,288915,722286,1444572,433372,577829,1011201,1733486,10,32093),
(94,152270,304539,761346,1522692,456808,609077,1065885,1827230,10,32094),
(95,160373,320745,801863,1603725,481118,641490,1122608,1924470,10,32095),
(96,168773,337545,843863,1687725,506318,675090,1181408,2025270,10,32096),
(97,177475,354949,887373,1774745,532424,709898,1242322,2129694,10,32097),
(98,186484,372968,932420,1864839,559452,745936,1305387,2237806,10,32098),
(99,195806,391612,979030,1958059,587418,783224,1370641,2349670,10,32099),
(100,205446,410892,1027230,2054459,616338,821784,1438121,2465350,10,32100),
(101,215410,430819,1077046,2154092,646228,861637,1507865,2584910,10,32101),
(102,225702,451403,1128506,2257012,677104,902805,1579909,2708414,10,32102),
(103,236328,472655,1181636,2363272,708982,945309,1654291,2835926,10,32103),
(104,247293,494585,1236463,2472925,741878,989170,1731048,2967510,10,32104),
(105,258603,517205,1293013,2586025,775808,1034410,1810218,3103230,10,32105),
(106,270263,540525,1351313,2702625,810788,1081050,1891838,3243150,10,32106),
(107,282278,564556,1411390,2822779,846834,1129112,1975945,3387334,10,32107),
(108,294654,589308,1473270,2946539,883962,1178616,2062577,3535846,10,32108),
(109,307396,614792,1536980,3073959,922188,1229584,2151771,3688750,10,32109),
(110,320510,641019,1602546,3205092,961528,1282037,2243565,3846110,10,32110),
(111,334000,667999,1669996,3339992,1001998,1335997,2337995,4007990,10,32111),
(112,347872,695743,1739356,3478712,1043614,1391485,2435099,4174454,10,32112),
(113,362131,724261,1810653,3621305,1086392,1448522,2534914,4345566,10,32113),
(114,376783,753565,1883913,3767825,1130348,1507130,2637478,4521390,10,32114),
(115,391833,783665,1959163,3918325,1175498,1567330,2742828,4701990,10,32115),
(116,407286,814572,2036430,4072859,1221858,1629144,2851001,4887430,10,32116),
(117,423148,846296,2115740,4231479,1269444,1692592,2962035,5077774,10,32117),
(118,439424,878848,2197120,4394239,1318272,1757696,3075967,5273086,10,32118),
(119,456120,912239,2280596,4561192,1368358,1824477,3192835,5473430,10,32119),
(120,473240,946479,2366196,4732392,1419718,1892957,3312675,5678870,10,32120),
(121,490790,981579,2453946,4907892,1472368,1963157,3435525,5889470,10,32121),
(122,508775,1017549,2543873,5087745,1526324,2035098,3561422,6105294,10,32122),
(123,527201,1054401,2636003,5272005,1581602,2108802,3690404,6326406,10,32123),
(124,546073,1092145,2730363,5460725,1638218,2184290,3822508,6552870,10,32124),
(125,565396,1130792,2826980,5653959,1696188,2261584,3957771,6784750,10,32125),
(126,585176,1170352,2925880,5851759,1755528,2340704,4096231,7022110,10,32126),
(127,605418,1210836,3027090,6054179,1816254,2421672,4237925,7265014,10,32127),
(128,626128,1252255,3130636,6261272,1878382,2504509,4382891,7513526,10,32128),
(129,647310,1294619,3236546,6473092,1941928,2589237,4531165,7767710,10,32129),
(130,668970,1337939,3344846,6689692,2006908,2675877,4682785,8027630,10,32130),
(131,691113,1382225,3455563,6911125,2073338,2764450,4837788,8293350,10,32131),
(132,713745,1427489,3568723,7137445,2141234,2854978,4996212,8564934,10,32132),
(133,736871,1473741,3684353,7368705,2210612,2947482,5158094,8842446,10,32133),
(134,760496,1520992,3802480,7604959,2281488,3041984,5323471,9125950,10,32134),
(135,784626,1569252,3923130,7846259,2353878,3138504,5492381,9415510,10,32135),
(136,809266,1618532,4046330,8092659,2427798,3237064,5664861,9711190,10,32136),
(137,834422,1668843,4172106,8344212,2503264,3337685,5840949,10013054,10,32137),
(138,860098,1720195,4300486,8600972,2580292,3440389,6020681,10321166,10,32138),
(139,886300,1772599,4431496,8862992,2658898,3545197,6204095,10635590,10,32139),
(140,913033,1826065,4565163,9130325,2739098,3652130,6391228,10956390,10,32140),
(141,940303,1880605,4701513,9403025,2820908,3761210,6582118,11283630,10,32141),
(142,968115,1936229,4840573,9681145,2904344,3872458,6776802,11617374,10,32142),
(143,996474,1992948,4982370,9964739,2989422,3985896,6975317,11957686,10,32143),
(144,1025386,2050772,5126930,10253859,3076158,4101544,7177701,12304630,10,32144),
(145,1054856,2109712,5274280,10548559,3164568,4219424,7383991,12658270,10,32145),
(146,1084890,2169779,5424446,10848892,3254668,4339557,7594225,13018670,10,32146),
(147,1115492,2230983,5577456,11154912,3346474,4461965,7808439,13385894,10,32147),
(148,1146668,2293335,5733336,11466672,3440002,4586669,8026671,13760006,10,32148),
(149,1178423,2356845,5892113,11784225,3535268,4713690,8248958,14141070,10,32149),
(150,1210763,2421525,6053813,12107625,3632288,4843050,8475338,14529150,10,32150),
(151,1243693,2487385,6218463,12436925,3731078,4974770,8705848,14924310,10,32151),
(152,1277218,2554436,6386090,12772179,3831654,5108872,8940525,15326614,10,32152),
(153,1311344,2622688,6556720,13113439,3934032,5245376,9179407,15736126,10,32153),
(154,1346076,2692152,6730380,13460759,4038228,5384304,9422531,16152910,10,32154),
(155,1381420,2762839,6907096,13814192,4144258,5525677,9669935,16577030,10,32155),
(156,1417380,2834759,7086896,14173792,4252138,5669517,9921655,17008550,10,32156),
(157,1453962,2907923,7269806,14539612,4361884,5815845,10177729,17447534,10,32157),
(158,1491171,2982341,7455853,14911705,4473512,5964682,10438194,17894046,10,32158),
(159,1529013,3058025,7645063,15290125,4587038,6116050,10703088,18348150,10,32159),
(160,1567493,3134985,7837463,15674925,4702478,6269970,10972448,18809910,10,32160),
(161,1606616,3213232,8033080,16066159,4819848,6426464,11246311,19279390,10,32161),
(162,1646388,3292776,8231940,16463879,4939164,6585552,11524715,19756654,10,32162),
(163,1686814,3373628,8434070,16868139,5060442,6747256,11807697,20241766,10,32163),
(164,1727900,3455799,8639496,17278992,5183698,6911597,12095295,20734790,10,32164),
(165,1769650,3539299,8848246,17696492,5308948,7078597,12387545,21235790,10,32165),
(166,1812070,3624139,9060346,18120692,5436208,7248277,12684485,21744830,10,32166),
(167,1855165,3710329,9275823,18551645,5565494,7420658,12986152,22261974,10,32167),
(168,1898941,3797881,9494703,18989405,5696822,7595762,13292584,22787286,10,32168),
(169,1943403,3886805,9717013,19434025,5830208,7773610,13603818,23320830,10,32169),
(170,1988556,3977112,9942780,19885559,5965668,7954224,13919891,23862670,10,32170),
(171,2034406,4068812,10172030,20344059,6103218,8137624,14240841,24412870,10,32171),
(172,2080958,4161916,10404790,20809579,6242874,8323832,14566705,24971494,10,32172),
(173,2128218,4256435,10641086,21282172,6384652,8512869,14897521,25538606,10,32173),
(174,2176190,4352379,10880946,21761892,6528568,8704757,15233325,26114270,10,32174),
(175,2224880,4449759,11124396,22248792,6674638,8899517,15574155,26698550,10,32175),
(176,2274293,4548585,11371463,22742925,6822878,9097170,15920048,27291510,10,32176),
(177,2324435,4648869,11622173,23244345,6973304,9297738,16271042,27893214,10,32177),
(178,2375311,4750621,11876553,23753105,7125932,9501242,16627174,28503726,10,32178),
(179,2426926,4853852,12134630,24269259,7280778,9707704,16988481,29123110,10,32179),
(180,2479286,4958572,12396430,24792859,7437858,9917144,17355001,29751430,10,32180),
(181,2532396,5064792,12661980,25323959,7597188,10129584,17726771,30388750,10,32181),
(182,2586262,5172523,12931306,25862612,7758784,10345045,18103829,31035134,10,32182),
(183,2640888,5281775,13204436,26408872,7922662,10563549,18486211,31690646,10,32183),
(184,2696280,5392559,13481396,26962792,8088838,10785117,18873955,32355350,10,32184),
(185,2752443,5504885,13762213,27524425,8257328,11009770,19267098,33029310,10,32185),
(186,2809383,5618765,14046913,28093825,8428148,11237530,19665678,33712590,10,32186),
(187,2867105,5734209,14335523,28671045,8601314,11468418,20069732,34405254,10,32187),
(188,2925614,5851228,14628070,29256139,8776842,11702456,20479297,35107366,10,32188),
(189,2984916,5969832,14924580,29849159,8954748,11939664,20894411,35818990,10,32189),
(190,3045016,6090032,15225080,30450159,9135048,12180064,21315111,36540190,10,32190),
(191,3105920,6211839,15529596,31059192,9317758,12423677,21741435,37271030,10,32191),
(192,3167632,6335263,15838156,31676312,9502894,12670525,22173419,38011574,10,32192),
(193,3230158,6460315,16150786,32301572,9690472,12920629,22611101,38761886,10,32193),
(194,3293503,6587005,16467513,32935025,9880508,13174010,23054518,39522030,10,32194),
(195,3357673,6715345,16788363,33576725,10073018,13430690,23503708,40292070,10,32195),
(196,3422673,6845345,17113363,34226725,10268018,13690690,23958708,41072070,10,32196),
(197,3488508,6977016,17442540,34885079,10465524,13954032,24419555,41862094,10,32197),
(198,3555184,7110368,17775920,35551839,10665552,14220736,24886287,42662206,10,32198),
(199,3622706,7245412,18113530,36227059,10868118,14490824,25358941,43472470,10,32199),
(200,3691080,7382159,18455396,36910792,11073238,14764317,25837555,44292950,10,32200);
