INSERT INTO `cittas` VALUES
(101,1,'天雷诀',50,10,1),
(102,1,'天雷诀',188,10,2),
(103,1,'天雷诀',375,10,3),
(104,1,'天雷诀',900,10,4),
(105,1,'天雷诀',1200,10,5),
(106,1,'天雷诀',1688,10,6),
(107,1,'天雷诀',2126,10,7),
(108,1,'天雷诀',2788,10,8),
(109,1,'天雷诀',3223,10,9),
(201,1,'烈焰咒',50,10,10),
(202,1,'烈焰咒',188,10,11),
(203,1,'烈焰咒',375,10,12),
(204,1,'烈焰咒',900,10,13),
(205,1,'烈焰咒',1200,10,14),
(206,1,'烈焰咒',1688,10,15),
(207,1,'烈焰咒',2126,10,16),
(208,1,'烈焰咒',2788,10,17),
(209,1,'烈焰咒',3223,10,18),
(301,1,'真火诀',50,10,19),
(302,1,'真火诀',188,10,20),
(303,1,'真火诀',375,10,21),
(304,1,'真火诀',900,10,22),
(305,1,'真火诀',1200,10,23),
(306,1,'真火诀',1688,10,24),
(307,1,'真火诀',2126,10,25),
(308,1,'真火诀',2788,10,26),
(309,1,'真火诀',3223,10,27),
(401,1,'乾元妙术',50,10,28),
(402,1,'乾元妙术',188,10,29),
(403,1,'乾元妙术',375,10,30),
(404,1,'乾元妙术',900,10,31),
(405,1,'乾元妙术',1200,10,32),
(406,1,'乾元妙术',1688,10,33),
(407,1,'乾元妙术',2126,10,34),
(408,1,'乾元妙术',2788,10,35),
(409,1,'乾元妙术',3223,10,36),
(501,1,'慈航心经',50,10,37),
(502,1,'慈航心经',188,10,38),
(503,1,'慈航心经',375,10,39),
(504,1,'慈航心经',900,10,40),
(505,1,'慈航心经',1200,10,41),
(506,1,'慈航心经',1688,10,42),
(507,1,'慈航心经',2126,10,43),
(508,1,'慈航心经',2788,10,44),
(509,1,'慈航心经',3223,10,45),
(601,1,'聚灵术',50,10,46),
(602,1,'聚灵术',188,10,47),
(603,1,'聚灵术',375,10,48),
(604,1,'聚灵术',900,10,49),
(605,1,'聚灵术',1200,10,50),
(606,1,'聚灵术',1688,10,51),
(607,1,'聚灵术',2126,10,52),
(608,1,'聚灵术',2788,10,53),
(609,1,'聚灵术',3223,10,54),
(701,1,'御剑诀',50,10,55),
(702,1,'御剑诀',188,10,56),
(703,1,'御剑诀',375,10,57),
(704,1,'御剑诀',900,10,58),
(705,1,'御剑诀',1200,10,59),
(706,1,'御剑诀',1688,10,60),
(707,1,'御剑诀',2126,10,61),
(708,1,'御剑诀',2788,10,62),
(709,1,'御剑诀',3223,10,63),
(801,1,'真武诀',50,10,64),
(802,1,'真武诀',188,10,65),
(803,1,'真武诀',375,10,66),
(804,1,'真武诀',900,10,67),
(805,1,'真武诀',1200,10,68),
(806,1,'真武诀',1688,10,69),
(807,1,'真武诀',2126,10,70),
(808,1,'真武诀',2788,10,71),
(809,1,'真武诀',3223,10,72),
(901,1,'大道心法',50,10,73),
(902,1,'大道心法',188,10,74),
(903,1,'大道心法',375,10,75),
(904,1,'大道心法',900,10,76),
(905,1,'大道心法',1200,10,77),
(906,1,'大道心法',1688,10,78),
(907,1,'大道心法',2126,10,79),
(908,1,'大道心法',2788,10,80),
(909,1,'大道心法',3223,10,81),
(1001,1,'剑术入门篇',50,10,82),
(1002,1,'剑术入门篇',188,10,83),
(1003,1,'剑术入门篇',375,10,84),
(1004,1,'剑术入门篇',900,10,85),
(1005,1,'剑术入门篇',1200,10,86),
(1006,1,'剑术入门篇',1688,10,87),
(1007,1,'剑术入门篇',2126,10,88),
(1008,1,'剑术入门篇',2788,10,89),
(1009,1,'剑术入门篇',3223,10,90),
(1101,1,'身法入门篇',50,10,91),
(1102,1,'身法入门篇',188,10,92),
(1103,1,'身法入门篇',375,10,93),
(1104,1,'身法入门篇',900,10,94),
(1105,1,'身法入门篇',1200,10,95),
(1106,1,'身法入门篇',1688,10,96),
(1107,1,'身法入门篇',2126,10,97),
(1108,1,'身法入门篇',2788,10,98),
(1109,1,'身法入门篇',3223,10,99),
(1201,2,'七煞诀',4183,20,100),
(1202,2,'七煞诀',4683,20,101),
(1203,2,'七煞诀',5666,20,102),
(1204,2,'七煞诀',6233,20,103),
(1205,2,'七煞诀',7379,20,104),
(1206,2,'七煞诀',8018,20,105),
(1207,2,'七煞诀',9335,20,106),
(1208,2,'七煞诀',10048,20,107),
(1209,2,'七煞诀',11544,20,108),
(1301,2,'破军诀',4183,20,109),
(1302,2,'破军诀',4683,20,110),
(1303,2,'破军诀',5666,20,111),
(1304,2,'破军诀',6233,20,112),
(1305,2,'破军诀',7379,20,113),
(1306,2,'破军诀',8018,20,114),
(1307,2,'破军诀',9335,20,115),
(1308,2,'破军诀',10048,20,116),
(1309,2,'破军诀',11544,20,117),
(1401,2,'天罡气诀',4183,20,118),
(1402,2,'天罡气诀',4683,20,119),
(1403,2,'天罡气诀',5666,20,120),
(1404,2,'天罡气诀',6233,20,121),
(1405,2,'天罡气诀',7379,20,122),
(1406,2,'天罡气诀',8018,20,123),
(1407,2,'天罡气诀',9335,20,124),
(1408,2,'天罡气诀',10048,20,125),
(1409,2,'天罡气诀',11544,20,126),
(1501,2,'玄冥心诀',4183,20,127),
(1502,2,'玄冥心诀',4683,20,128),
(1503,2,'玄冥心诀',5666,20,129),
(1504,2,'玄冥心诀',6233,20,130),
(1505,2,'玄冥心诀',7379,20,131),
(1506,2,'玄冥心诀',8018,20,132),
(1507,2,'玄冥心诀',9335,20,133),
(1508,2,'玄冥心诀',10048,20,134),
(1509,2,'玄冥心诀',11544,20,135),
(1601,2,'无相力之章',4183,20,136),
(1602,2,'无相力之章',4683,20,137),
(1603,2,'无相力之章',5666,20,138),
(1604,2,'无相力之章',6233,20,139),
(1605,2,'无相力之章',7379,20,140),
(1606,2,'无相力之章',8018,20,141),
(1607,2,'无相力之章',9335,20,142),
(1608,2,'无相力之章',10048,20,143),
(1609,2,'无相力之章',11544,20,144),
(1701,2,'无相耐之章',4183,20,145),
(1702,2,'无相耐之章',4683,20,146),
(1703,2,'无相耐之章',5666,20,147),
(1704,2,'无相耐之章',6233,20,148),
(1705,2,'无相耐之章',7379,20,149),
(1706,2,'无相耐之章',8018,20,150),
(1707,2,'无相耐之章',9335,20,151),
(1708,2,'无相耐之章',10048,20,152),
(1709,2,'无相耐之章',11544,20,153),
(1801,2,'无相敏之章',4183,20,154),
(1802,2,'无相敏之章',4683,20,155),
(1803,2,'无相敏之章',5666,20,156),
(1804,2,'无相敏之章',6233,20,157),
(1805,2,'无相敏之章',7379,20,158),
(1806,2,'无相敏之章',8018,20,159),
(1807,2,'无相敏之章',9335,20,160),
(1808,2,'无相敏之章',10048,20,161),
(1809,2,'无相敏之章',11544,20,162),
(1901,2,'无相智之章',4183,20,163),
(1902,2,'无相智之章',4683,20,164),
(1903,2,'无相智之章',5666,20,165),
(1904,2,'无相智之章',6233,20,166),
(1905,2,'无相智之章',7379,20,167),
(1906,2,'无相智之章',8018,20,168),
(1907,2,'无相智之章',9335,20,169),
(1908,2,'无相智之章',10048,20,170),
(1909,2,'无相智之章',11544,20,171),
(2001,2,'无相意之章',4183,20,172),
(2002,2,'无相意之章',4683,20,173),
(2003,2,'无相意之章',5666,20,174),
(2004,2,'无相意之章',6233,20,175),
(2005,2,'无相意之章',7379,20,176),
(2006,2,'无相意之章',8018,20,177),
(2007,2,'无相意之章',9335,20,178),
(2008,2,'无相意之章',10048,20,179),
(2009,2,'无相意之章',11544,20,180),
(2101,3,'合沙奇书',12560,40,181),
(2102,3,'合沙奇书',14017,40,182),
(2103,3,'合沙奇书',14646,40,183),
(2104,3,'合沙奇书',16241,40,184),
(2105,3,'合沙奇书',16930,40,185),
(2106,3,'合沙奇书',18667,40,186),
(2107,3,'合沙奇书',19419,40,187),
(2108,3,'合沙奇书',21303,40,188),
(2109,3,'合沙奇书',22120,40,189),
(2201,3,'六合须弥',12560,40,190),
(2202,3,'六合须弥',14017,40,191),
(2203,3,'六合须弥',14646,40,192),
(2204,3,'六合须弥',16241,40,193),
(2205,3,'六合须弥',16930,40,194),
(2206,3,'六合须弥',18667,40,195),
(2207,3,'六合须弥',19419,40,196),
(2208,3,'六合须弥',21303,40,197),
(2209,3,'六合须弥',22120,40,198),
(2301,3,'三元心法',12560,40,199),
(2302,3,'三元心法',14017,40,200),
(2303,3,'三元心法',14646,40,201),
(2304,3,'三元心法',16241,40,202),
(2305,3,'三元心法',16930,40,203),
(2306,3,'三元心法',18667,40,204),
(2307,3,'三元心法',19419,40,205),
(2308,3,'三元心法',21303,40,206),
(2309,3,'三元心法',22120,40,207),
(2401,3,'无量心经',12560,40,208),
(2402,3,'无量心经',14017,40,209),
(2403,3,'无量心经',14646,40,210),
(2404,3,'无量心经',16241,40,211),
(2405,3,'无量心经',16930,40,212),
(2406,3,'无量心经',18667,40,213),
(2407,3,'无量心经',19419,40,214),
(2408,3,'无量心经',21303,40,215),
(2409,3,'无量心经',22120,40,216),
(2501,3,'荆棘心法',12560,40,217),
(2502,3,'荆棘心法',14017,40,218),
(2503,3,'荆棘心法',14646,40,219),
(2504,3,'荆棘心法',16241,40,220),
(2505,3,'荆棘心法',16930,40,221),
(2506,3,'荆棘心法',18667,40,222),
(2507,3,'荆棘心法',19419,40,223),
(2508,3,'荆棘心法',21303,40,224),
(2509,3,'荆棘心法',22120,40,225),
(2601,3,'七禽神术',12560,40,226),
(2602,3,'七禽神术',14017,40,227),
(2603,3,'七禽神术',14646,40,228),
(2604,3,'七禽神术',16241,40,229),
(2605,3,'七禽神术',16930,40,230),
(2606,3,'七禽神术',18667,40,231),
(2607,3,'七禽神术',19419,40,232),
(2608,3,'七禽神术',21303,40,233),
(2609,3,'七禽神术',22120,40,234),
(2701,4,'寒霜诀',24810,70,235),
(2702,4,'寒霜诀',26161,70,236),
(2703,4,'寒霜诀',28910,70,237),
(2704,4,'寒霜诀',30373,70,238),
(2705,4,'寒霜诀',33375,70,239),
(2706,4,'寒霜诀',34953,70,240),
(2707,4,'寒霜诀',38215,70,241),
(2708,4,'寒霜诀',39912,70,242),
(2709,4,'寒霜诀',43443,70,243),
(2801,4,'小无相心经',24810,70,244),
(2802,4,'小无相心经',26161,70,245),
(2803,4,'小无相心经',28910,70,246),
(2804,4,'小无相心经',30373,70,247),
(2805,4,'小无相心经',33375,70,248),
(2806,4,'小无相心经',34953,70,249),
(2807,4,'小无相心经',38215,70,250),
(2808,4,'小无相心经',39912,70,251),
(2809,4,'小无相心经',43443,70,252),
(2901,4,'无相心经',24810,70,253),
(2902,4,'无相心经',26161,70,254),
(2903,4,'无相心经',28910,70,255),
(2904,4,'无相心经',30373,70,256),
(2905,4,'无相心经',33375,70,257),
(2906,4,'无相心经',34953,70,258),
(2907,4,'无相心经',38215,70,259),
(2908,4,'无相心经',39912,70,260),
(2909,4,'无相心经',43443,70,261),
(3001,4,'无霜清心咒',24810,70,262),
(3002,4,'无霜清心咒',26161,70,263),
(3003,4,'无霜清心咒',28910,70,264),
(3004,4,'无霜清心咒',30373,70,265),
(3005,4,'无霜清心咒',33375,70,266),
(3006,4,'无霜清心咒',34953,70,267),
(3007,4,'无霜清心咒',38215,70,268),
(3008,4,'无霜清心咒',39912,70,269),
(3009,4,'无霜清心咒',43443,70,270),
(3101,4,'御剑真诀',24810,70,271),
(3102,4,'御剑真诀',26161,70,272),
(3103,4,'御剑真诀',28910,70,273),
(3104,4,'御剑真诀',30373,70,274),
(3105,4,'御剑真诀',33375,70,275),
(3106,4,'御剑真诀',34953,70,276),
(3107,4,'御剑真诀',38215,70,277),
(3108,4,'御剑真诀',39912,70,278),
(3109,4,'御剑真诀',43443,70,279),
(3201,4,'小般若咒',24810,70,280),
(3202,4,'小般若咒',26161,70,281),
(3203,4,'小般若咒',28910,70,282),
(3204,4,'小般若咒',30373,70,283),
(3205,4,'小般若咒',33375,70,284),
(3206,4,'小般若咒',34953,70,285),
(3207,4,'小般若咒',38215,70,286),
(3208,4,'小般若咒',39912,70,287),
(3209,4,'小般若咒',43443,70,288),
(3301,4,'慈航宝典',24810,70,289),
(3302,4,'慈航宝典',26161,70,290),
(3303,4,'慈航宝典',28910,70,291),
(3304,4,'慈航宝典',30373,70,292),
(3305,4,'慈航宝典',33375,70,293),
(3306,4,'慈航宝典',34953,70,294),
(3307,4,'慈航宝典',38215,70,295),
(3308,4,'慈航宝典',39912,70,296),
(3309,4,'慈航宝典',43443,70,297),
(3401,5,'天书副册',45858,110,298),
(3402,5,'天书副册',50411,110,299),
(3403,5,'天书副册',53091,110,300),
(3404,5,'天书副册',58041,110,301),
(3405,5,'天书副册',63249,110,302),
(3406,5,'天书副册',68721,110,303),
(3407,5,'天书副册',74460,110,304),
(3408,5,'天书副册',80472,110,305),
(3409,5,'天书副册',86760,110,306),
(3501,5,'戮魔诀',45858,110,307),
(3502,5,'戮魔诀',50411,110,308),
(3503,5,'戮魔诀',53091,110,309),
(3504,5,'戮魔诀',58041,110,310),
(3505,5,'戮魔诀',63249,110,311),
(3506,5,'戮魔诀',68721,110,312),
(3507,5,'戮魔诀',74460,110,313),
(3508,5,'戮魔诀',80472,110,314),
(3509,5,'戮魔诀',86760,110,315),
(3601,5,'太昊真诀',45858,110,316),
(3602,5,'太昊真诀',50411,110,317),
(3603,5,'太昊真诀',53091,110,318),
(3604,5,'太昊真诀',58041,110,319),
(3605,5,'太昊真诀',63249,110,320),
(3606,5,'太昊真诀',68721,110,321),
(3607,5,'太昊真诀',74460,110,322),
(3608,5,'太昊真诀',80472,110,323),
(3609,5,'太昊真诀',86760,110,324),
(3701,5,'破魔剑力篇',45858,110,325),
(3702,5,'破魔剑力篇',50411,110,326),
(3703,5,'破魔剑力篇',53091,110,327),
(3704,5,'破魔剑力篇',58041,110,328),
(3705,5,'破魔剑力篇',63249,110,329),
(3706,5,'破魔剑力篇',68721,110,330),
(3707,5,'破魔剑力篇',74460,110,331),
(3708,5,'破魔剑力篇',80472,110,332),
(3709,5,'破魔剑力篇',86760,110,333),
(3801,5,'破魔剑意篇',45858,110,334),
(3802,5,'破魔剑意篇',50411,110,335),
(3803,5,'破魔剑意篇',53091,110,336),
(3804,5,'破魔剑意篇',58041,110,337),
(3805,5,'破魔剑意篇',63249,110,338),
(3806,5,'破魔剑意篇',68721,110,339),
(3807,5,'破魔剑意篇',74460,110,340),
(3808,5,'破魔剑意篇',80472,110,341),
(3809,5,'破魔剑意篇',86760,110,342),
(3901,5,'离火真解',45858,110,343),
(3902,5,'离火真解',50411,110,344),
(3903,5,'离火真解',53091,110,345),
(3904,5,'离火真解',58041,110,346),
(3905,5,'离火真解',63249,110,347),
(3906,5,'离火真解',68721,110,348),
(3907,5,'离火真解',74460,110,349),
(3908,5,'离火真解',80472,110,350),
(3909,5,'离火真解',86760,110,351),
(4001,5,'韦陀正气诀',45858,110,352),
(4002,5,'韦陀正气诀',50411,110,353),
(4003,5,'韦陀正气诀',53091,110,354),
(4004,5,'韦陀正气诀',58041,110,355),
(4005,5,'韦陀正气诀',63249,110,356),
(4006,5,'韦陀正气诀',68721,110,357),
(4007,5,'韦陀正气诀',74460,110,358),
(4008,5,'韦陀正气诀',80472,110,359),
(4009,5,'韦陀正气诀',86760,110,360),
(4101,6,'佛宗心剑',92720,160,361),
(4102,6,'佛宗心剑',100693,160,362),
(4103,6,'佛宗心剑',109044,160,363),
(4104,6,'佛宗心剑',117779,160,364),
(4105,6,'佛宗心剑',126905,160,365),
(4106,6,'佛宗心剑',136427,160,366),
(4107,6,'佛宗心剑',146352,160,367),
(4108,6,'佛宗心剑',156686,160,368),
(4109,6,'佛宗心剑',167435,160,369),
(4201,6,'霸气诀',92720,160,370),
(4202,6,'霸气诀',100693,160,371),
(4203,6,'霸气诀',109044,160,372),
(4204,6,'霸气诀',117779,160,373),
(4205,6,'霸气诀',126905,160,374),
(4206,6,'霸气诀',136427,160,375),
(4207,6,'霸气诀',146352,160,376),
(4208,6,'霸气诀',156686,160,377),
(4209,6,'霸气诀',167435,160,378),
(4301,6,'须弥心法',92720,160,379),
(4302,6,'须弥心法',100693,160,380),
(4303,6,'须弥心法',109044,160,381),
(4304,6,'须弥心法',117779,160,382),
(4305,6,'须弥心法',126905,160,383),
(4306,6,'须弥心法',136427,160,384),
(4307,6,'须弥心法',146352,160,385),
(4308,6,'须弥心法',156686,160,386),
(4309,6,'须弥心法',167435,160,387),
(4401,6,'罗刹诀',92720,160,388),
(4402,6,'罗刹诀',100693,160,389),
(4403,6,'罗刹诀',109044,160,390),
(4404,6,'罗刹诀',117779,160,391),
(4405,6,'罗刹诀',126905,160,392),
(4406,6,'罗刹诀',136427,160,393),
(4407,6,'罗刹诀',146352,160,394),
(4408,6,'罗刹诀',156686,160,395),
(4409,6,'罗刹诀',167435,160,396),
(4501,6,'道经真藏',92720,160,397),
(4502,6,'道经真藏',100693,160,398),
(4503,6,'道经真藏',109044,160,399),
(4504,6,'道经真藏',117779,160,400),
(4505,6,'道经真藏',126905,160,401),
(4506,6,'道经真藏',136427,160,402),
(4507,6,'道经真藏',146352,160,403),
(4508,6,'道经真藏',156686,160,404),
(4509,6,'道经真藏',167435,160,405),
(4601,6,'炼魔剑诀',92720,160,406),
(4602,6,'炼魔剑诀',100693,160,407),
(4603,6,'炼魔剑诀',109044,160,408),
(4604,6,'炼魔剑诀',117779,160,409),
(4605,6,'炼魔剑诀',126905,160,410),
(4606,6,'炼魔剑诀',136427,160,411),
(4607,6,'炼魔剑诀',146352,160,412),
(4608,6,'炼魔剑诀',156686,160,413),
(4609,6,'炼魔剑诀',167435,160,414),
(4701,6,'五雷正心诀',92720,160,415),
(4702,6,'五雷正心诀',100693,160,416),
(4703,6,'五雷正心诀',109044,160,417),
(4704,6,'五雷正心诀',117779,160,418),
(4705,6,'五雷正心诀',126905,160,419),
(4706,6,'五雷正心诀',136427,160,420),
(4707,6,'五雷正心诀',146352,160,421),
(4708,6,'五雷正心诀',156686,160,422),
(4709,6,'五雷正心诀',167435,160,423),
(4801,6,'琅嬛秘笈',92720,160,424),
(4802,6,'琅嬛秘笈',100693,160,425),
(4803,6,'琅嬛秘笈',109044,160,426),
(4804,6,'琅嬛秘笈',117779,160,427),
(4805,6,'琅嬛秘笈',126905,160,428),
(4806,6,'琅嬛秘笈',136427,160,429),
(4807,6,'琅嬛秘笈',146352,160,430),
(4808,6,'琅嬛秘笈',156686,160,431),
(4809,6,'琅嬛秘笈',167435,160,432),
(4901,7,'丹书',180952,200,433),
(4902,7,'丹书',192626,200,434),
(4903,7,'丹书',204734,200,435),
(4904,7,'丹书',217283,200,436),
(4905,7,'丹书',230280,200,437),
(4906,7,'丹书',243730,200,438),
(4907,7,'丹书',257640,200,439),
(4908,7,'丹书',272015,200,440),
(4909,7,'丹书',286862,200,441),
(5001,7,'乾坤秘箓',180952,200,442),
(5002,7,'乾坤秘箓',192626,200,443),
(5003,7,'乾坤秘箓',204734,200,444),
(5004,7,'乾坤秘箓',217283,200,445),
(5005,7,'乾坤秘箓',230280,200,446),
(5006,7,'乾坤秘箓',243730,200,447),
(5007,7,'乾坤秘箓',257640,200,448),
(5008,7,'乾坤秘箓',272015,200,449),
(5009,7,'乾坤秘箓',286862,200,450),
(5101,7,'七煞真经',180952,200,451),
(5102,7,'七煞真经',192626,200,452),
(5103,7,'七煞真经',204734,200,453),
(5104,7,'七煞真经',217283,200,454),
(5105,7,'七煞真经',230280,200,455),
(5106,7,'七煞真经',243730,200,456),
(5107,7,'七煞真经',257640,200,457),
(5108,7,'七煞真经',272015,200,458),
(5109,7,'七煞真经',286862,200,459),
(5201,7,'无形剑诀',180952,200,460),
(5202,7,'无形剑诀',192626,200,461),
(5203,7,'无形剑诀',204734,200,462),
(5204,7,'无形剑诀',217283,200,463),
(5205,7,'无形剑诀',230280,200,464),
(5206,7,'无形剑诀',243730,200,465),
(5207,7,'无形剑诀',257640,200,466),
(5208,7,'无形剑诀',272015,200,467),
(5209,7,'无形剑诀',286862,200,468),
(5301,7,'上清秘笈',180952,200,469),
(5302,7,'上清秘笈',192626,200,470),
(5303,7,'上清秘笈',204734,200,471),
(5304,7,'上清秘笈',217283,200,472),
(5305,7,'上清秘笈',230280,200,473),
(5306,7,'上清秘笈',243730,200,474),
(5307,7,'上清秘笈',257640,200,475),
(5308,7,'上清秘笈',272015,200,476),
(5309,7,'上清秘笈',286862,200,477),
(5401,7,'坎离化身术',180952,200,478),
(5402,7,'坎离化身术',192626,200,479),
(5403,7,'坎离化身术',204734,200,480),
(5404,7,'坎离化身术',217283,200,481),
(5405,7,'坎离化身术',230280,200,482),
(5406,7,'坎离化身术',243730,200,483),
(5407,7,'坎离化身术',257640,200,484),
(5408,7,'坎离化身术',272015,200,485),
(5409,7,'坎离化身术',286862,200,486),
(5501,8,'紫府心法',305240,270,487),
(5502,8,'紫府心法',318349,270,488),
(5503,8,'紫府心法',331611,270,489),
(5504,8,'紫府心法',345024,270,490),
(5505,8,'紫府心法',358590,270,491),
(5506,8,'紫府心法',372308,270,492),
(5507,8,'紫府心法',386178,270,493),
(5508,8,'紫府心法',400200,270,494),
(5509,8,'紫府心法',414375,270,495),
(5601,8,'长生诀',305240,270,496),
(5602,8,'长生诀',318349,270,497),
(5603,8,'长生诀',331611,270,498),
(5604,8,'长生诀',345024,270,499),
(5605,8,'长生诀',358590,270,500),
(5606,8,'长生诀',372308,270,501),
(5607,8,'长生诀',386178,270,502),
(5608,8,'长生诀',400200,270,503),
(5609,8,'长生诀',414375,270,504),
(5701,8,'无界心魔诀',305240,270,505),
(5702,8,'无界心魔诀',318349,270,506),
(5703,8,'无界心魔诀',331611,270,507),
(5704,8,'无界心魔诀',345024,270,508),
(5705,8,'无界心魔诀',358590,270,509),
(5706,8,'无界心魔诀',372308,270,510),
(5707,8,'无界心魔诀',386178,270,511),
(5708,8,'无界心魔诀',400200,270,512),
(5709,8,'无界心魔诀',414375,270,513),
(5801,8,'逍遥游',305240,270,514),
(5802,8,'逍遥游',318349,270,515),
(5803,8,'逍遥游',331611,270,516),
(5804,8,'逍遥游',345024,270,517),
(5805,8,'逍遥游',358590,270,518),
(5806,8,'逍遥游',372308,270,519),
(5807,8,'逍遥游',386178,270,520),
(5808,8,'逍遥游',400200,270,521),
(5809,8,'逍遥游',414375,270,522),
(5901,8,'般若心经',305240,270,523),
(5902,8,'般若心经',318349,270,524),
(5903,8,'般若心经',331611,270,525),
(5904,8,'般若心经',345024,270,526),
(5905,8,'般若心经',358590,270,527),
(5906,8,'般若心经',372308,270,528),
(5907,8,'般若心经',386178,270,529),
(5908,8,'般若心经',400200,270,530),
(5909,8,'般若心经',414375,270,531),
(6001,8,'灵神双分术',305240,270,532),
(6002,8,'灵神双分术',318349,270,533),
(6003,8,'灵神双分术',331611,270,534),
(6004,8,'灵神双分术',345024,270,535),
(6005,8,'灵神双分术',358590,270,536),
(6006,8,'灵神双分术',372308,270,537),
(6007,8,'灵神双分术',386178,270,538),
(6008,8,'灵神双分术',400200,270,539),
(6009,8,'灵神双分术',414375,270,540),
(6101,9,'金刚大藏',431019,350,541),
(6102,9,'金刚大藏',444814,350,542),
(6103,9,'金刚大藏',458752,350,543),
(6104,9,'金刚大藏',472832,350,544),
(6105,9,'金刚大藏',487056,350,545),
(6106,9,'金刚大藏',501423,350,546),
(6107,9,'金刚大藏',515934,350,547),
(6108,9,'金刚大藏',530587,350,548),
(6109,9,'金刚大藏',545383,350,549),
(6201,9,'灭魔宝箓',431019,350,550),
(6202,9,'灭魔宝箓',444814,350,551),
(6203,9,'灭魔宝箓',458752,350,552),
(6204,9,'灭魔宝箓',472832,350,553),
(6205,9,'灭魔宝箓',487056,350,554),
(6206,9,'灭魔宝箓',501423,350,555),
(6207,9,'灭魔宝箓',515934,350,556),
(6208,9,'灭魔宝箓',530587,350,557),
(6209,9,'灭魔宝箓',545383,350,558),
(6301,9,'青莲剑歌',431019,350,559),
(6302,9,'青莲剑歌',444814,350,560),
(6303,9,'青莲剑歌',458752,350,561),
(6304,9,'青莲剑歌',472832,350,562),
(6305,9,'青莲剑歌',487056,350,563),
(6306,9,'青莲剑歌',501423,350,564),
(6307,9,'青莲剑歌',515934,350,565),
(6308,9,'青莲剑歌',530587,350,566),
(6309,9,'青莲剑歌',545383,350,567),
(6401,9,'太清真解',431019,350,568),
(6402,9,'太清真解',444814,350,569),
(6403,9,'太清真解',458752,350,570),
(6404,9,'太清真解',472832,350,571),
(6405,9,'太清真解',487056,350,572),
(6406,9,'太清真解',501423,350,573),
(6407,9,'太清真解',515934,350,574),
(6408,9,'太清真解',530587,350,575),
(6409,9,'太清真解',545383,350,576),
(6501,9,'地阙金章',431019,350,577),
(6502,9,'地阙金章',444814,350,578),
(6503,9,'地阙金章',458752,350,579),
(6504,9,'地阙金章',472832,350,580),
(6505,9,'地阙金章',487056,350,581),
(6506,9,'地阙金章',501423,350,582),
(6507,9,'地阙金章',515934,350,583),
(6508,9,'地阙金章',530587,350,584),
(6509,9,'地阙金章',545383,350,585),
(6601,9,'九劫剑诀',431019,350,586),
(6602,9,'九劫剑诀',444814,350,587),
(6603,9,'九劫剑诀',458752,350,588),
(6604,9,'九劫剑诀',472832,350,589),
(6605,9,'九劫剑诀',487056,350,590),
(6606,9,'九劫剑诀',501423,350,591),
(6607,9,'九劫剑诀',515934,350,592),
(6608,9,'九劫剑诀',530587,350,593),
(6609,9,'九劫剑诀',545383,350,594),
(6701,9,'金刚般若咒',431019,350,595),
(6702,9,'金刚般若咒',444814,350,596),
(6703,9,'金刚般若咒',458752,350,597),
(6704,9,'金刚般若咒',472832,350,598),
(6705,9,'金刚般若咒',487056,350,599),
(6706,9,'金刚般若咒',501423,350,600),
(6707,9,'金刚般若咒',515934,350,601),
(6708,9,'金刚般若咒',530587,350,602),
(6709,9,'金刚般若咒',545383,350,603);
