INSERT INTO `clan_contribution_shop` VALUES
(4002,55,'初级挂机加速符',400,500,2,2),
(4011,510,'初级打孔石',800,500,2,2),
(4001,502,'太乙真金',400,800,3,2),
(4012,511,'中级打孔石',500,800,3,2),
(4003,57,'修为加速符',1000,400,3,2),
(4004,56,'高级挂机加速符',1000,400,4,3),
(4008,512,'高级打孔石',1000,400,4,3),
(4009,500,'洗炼符',1000,400,4,3),
(4010,9371,'仙缘石',1000,400,4,3),
(4006,547,'天赋保护符',1500,300,4,3),
(4007,513,'宝石保护符',1500,300,4,3),
(4005,465,'聚魂阵加速',2000,300,4,2),
(4013,500,'洗炼符',900,200,5,3),
(4014,9371,'仙缘石',900,200,5,3),
(4015,547,'天赋保护符',1300,100,5,3),
(4016,513,'宝石保护符',1300,100,5,3),
(4017,465,'聚魂阵加速',1700,100,5,2),
(4018,56,'高级挂机加速符',900,100,5,3),
(4019,15,'银票',800,800,2,2),
(4020,16,'喇叭',800,800,2,2),
(5001,9443,'百合',400,800,2,2),
(5002,16006,'冰心醇酿',400,700,2,2),
(5003,16005,'梅花笺',1000,600,3,2),
(5004,16012,'欧冶精粹',1000,600,3,2),
(5005,16008,'桃园琼浆',2000,600,4,3),
(5006,16001,'凝露玉盅',2000,500,3,3),
(5007,9082,'仙酒',500,800,2,2),
(5008,16004,'黄色鸢尾',300,500,2,3),
(5009,9123,'七夕恋人',5000,500,4,3),
(5010,8000,'万象元神',1500,700,4,3),
(5011,9285,'神兽印记',1000,600,4,3),
(5012,16005,'梅花笺',800,600,3,3),
(5013,16012,'欧冶精粹',800,100,5,4),
(5014,16004,'黄色鸢尾',250,100,5,4),
(5015,9123,'七夕恋人',4000,100,5,4),
(5016,8000,'万象元神',1200,100,5,4),
(5017,9285,'神兽印记',800,100,5,4),
(5018,15,'银票',800,800,2,2),
(5019,16,'喇叭',800,800,2,2),
(5020,9012,'魔宫寻宝令',1000,1000,3,2),
(6001,5001,'一级力量石',500,700,3,3),
(6002,5011,'一级敏捷石',500,700,3,3),
(6003,5021,'一级智力石',500,700,3,3),
(6004,5031,'一级耐力石',500,700,3,3),
(6005,5041,'一级意志石',500,700,3,3),
(6006,5051,'一级生命石',500,700,2,3),
(6007,5061,'一级攻击石',500,500,5,3),
(6008,5071,'一级防御石',500,700,3,3),
(6009,5081,'一级命中石',500,700,3,3),
(6010,5091,'一级反击石',500,500,4,3),
(6011,5101,'一级闪避石',500,500,4,3),
(6012,5111,'一级暴击石',500,500,5,3),
(6013,5121,'一级破击石',500,500,5,3),
(6014,5131,'一级身法石',500,700,3,3),
(6015,5141,'一级坚韧石',500,700,3,3),
(6016,5151,'一级法抗石',500,700,3,3),
(6017,548,'转魂符',500,800,2,2),
(6018,9307,'通灵石',500,800,2,2),
(6019,16004,'黄色鸢尾',300,800,2,2),
(6020,9013,'三尸寻宝令',1000,1000,3,2),
(7001,9307,'通灵石',500,700,2,2),
(7002,9309,'泰山灵石',500,700,2,2),
(7003,9308,'高级通灵石',1000,500,3,2),
(7004,9424,'壁凤墨砚',1000,500,3,2),
(7010,506,'补髓丹',1000,500,3,3),
(7011,466,'元神仙露',1000,500,3,3),
(7012,508,'凝神丹',1000,500,3,3),
(7006,9418,'机关宝匣',2000,500,4,3),
(7009,16001,'凝露玉盅',2000,500,4,3),
(7005,9310,'泰山石敢当',3000,500,4,3),
(7007,9414,'翡龙墨玉',3000,500,4,3),
(7008,9425,'磐龙墨砚',8000,400,4,3),
(7013,9308,'高级通灵石',800,400,5,4),
(7014,9418,'机关宝匣',1800,300,5,4),
(7015,16001,'凝露玉盅',1800,300,5,4),
(7016,9310,'泰山石敢当',2600,300,5,4),
(7017,9414,'翡龙墨玉',2600,300,5,4),
(7018,15,'银票',800,800,2,2),
(7019,16,'喇叭',800,800,2,2),
(7020,9014,'紫海寻宝令',1000,1000,3,2),
(8001,489,'青龙魂石',200,500,3,2),
(8002,490,'朱雀魂石',200,500,3,2),
(8003,491,'玄武魂石',200,500,3,2),
(8004,9231,'白虎魂石',200,500,3,2),
(8005,550,'初级符文解封石',100,600,2,2),
(8006,1325,'技能符文熔炼诀',5000,500,4,3),
(8007,551,'高级符文解封石',1000,500,4,3),
(8008,501,'洗炼保护符',1500,500,4,3),
(8009,505,'精制拆卸石',1500,500,4,3),
(8010,547,'天赋保护符',1500,500,4,3),
(8011,513,'宝石保护符',1500,500,4,3),
(8012,9438,'真元丹',3000,500,4,4),
(8013,9498,'剑心玉',3000,500,4,4),
(8014,9438,'真元丹',2600,200,5,5),
(8015,9498,'剑心玉',2600,200,5,5),
(8016,551,'高级符文解封石',800,350,5,5),
(8017,9442,'烟花',10000,500,4,2),
(8018,15,'银票',800,800,2,2),
(8019,16,'喇叭',800,800,2,2),
(8020,9015,'藏月寻宝令',1000,1000,3,2),
(9001,9603,'紫鸢剑匣',2000,500,3,3),
(9002,9604,'金雕剑匣',2000,500,3,3),
(9003,9600,'唤剑令',2000,500,4,4),
(9004,1126,'橙色星辰旗',2000,500,4,4),
(9005,9338,'橙色熔炼宝具',5000,500,4,4),
(9006,8000,'万象元神',1500,500,4,3),
(9007,465,'聚魂阵加速',2000,500,3,3),
(9008,9418,'机关宝匣',2000,500,3,3),
(9009,9498,'剑心玉',3000,500,4,3),
(9010,9307,'通灵石',500,700,2,2),
(9011,550,'初级符文解封石',100,700,2,2),
(9012,500,'洗炼符',500,700,2,2),
(9013,9285,'神兽印记',500,700,2,2),
(9014,9498,'剑心玉',2600,350,5,5),
(9015,9600,'唤剑令',1800,350,5,5),
(9016,1126,'橙色星辰旗',1800,300,5,5),
(9017,9338,'橙色熔炼宝具',4000,300,5,5),
(9018,15,'银票',800,800,2,2),
(9019,16,'喇叭',800,800,2,2),
(9020,9016,'幻龙寻宝令',1000,1000,3,2),
(10001,9338,'橙色熔炼宝具',5000,600,4,3),
(10002,9457,'天界牌',2000,500,3,4),
(10003,9438,'真元丹',3000,600,4,4),
(10004,9498,'剑心玉',3000,600,4,4),
(10005,516,'天赋洗炼丹',3000,600,4,4),
(10006,9427,'聚魄炼形丹',5000,600,4,4),
(10007,9388,'灵宠进阶丹',10000,500,4,5),
(10008,440,'浪漫心语',5000,600,2,2),
(10009,506,'补髓丹',1000,600,3,3),
(10010,466,'元神仙露',1000,600,3,3),
(10011,508,'凝神丹',1000,600,3,3),
(10012,9427,'聚魄炼形丹',4000,350,5,6),
(10013,9457,'天界牌',1800,350,5,6),
(10014,516,'天赋洗炼丹',2600,350,5,6),
(10015,9438,'真元丹',2500,350,5,6),
(10016,9388,'灵宠进阶丹',8000,350,5,6),
(10017,440,'浪漫心语',5000,500,4,2),
(10018,15,'银票',800,800,2,2),
(10019,16,'喇叭',800,800,2,2),
(10020,9035,'灵翠寻宝令',10000,1000,3,2),
(11001,49,'乾坤净水',8000,600,4,3),
(11002,50,'九龙神火',9000,600,4,4),
(11003,47,'兜率精金',10000,600,4,4),
(11004,515,'五行精金',8000,600,4,4),
(11005,503,'太乙精金',2000,600,4,4),
(11006,16012,'欧冶精粹',1000,650,3,4),
(11007,548,'转魂符',500,650,3,5),
(11008,9307,'通灵石',500,650,3,2),
(11009,502,'太乙真金',500,700,2,3),
(11010,33,'无字天书',1000,700,2,3),
(11011,9371,'仙缘石',1000,700,2,3),
(11012,49,'乾坤净水',6000,400,5,6),
(11013,50,'九龙神火',7500,400,5,6),
(11014,47,'兜率精金',8000,400,5,6),
(11015,515,'五行精金',7000,400,5,6),
(11016,503,'太乙精金',1700,400,5,6),
(11017,9442,'烟花',10000,600,2,2),
(11018,440,'浪漫心语',5000,600,2,2),
(11019,9123,'七夕恋人',5000,600,2,2),
(11020,9391,'魔狱寻宝令',1000,1000,3,2),
(12003,515,'五行精金',8000,650,4,3),
(12001,134,'法灵精金',5000,650,4,4),
(12002,9427,'聚魄炼形丹',5000,650,4,4),
(12004,516,'天赋洗炼丹',3000,650,4,4),
(12005,8000,'万象元神',1500,650,4,4),
(12006,9285,'神兽印记',1000,650,3,4),
(12007,514,'五行真金',1000,650,3,5),
(12008,517,'玲珑冰晶',1000,650,3,2),
(12009,56,'高级挂机加速符',1000,650,3,3),
(12010,33,'无字天书',1000,650,3,3),
(12011,9371,'仙缘石',1000,650,3,3),
(12012,8000,'万象元神',1200,400,5,6),
(12013,515,'五行精金',7000,400,5,6),
(12014,134,'法灵精金',4000,400,5,6),
(12015,9427,'聚魄炼形丹',4000,400,5,6),
(12016,516,'天赋洗炼丹',2500,400,5,6),
(12017,9442,'烟花',10000,600,2,2),
(12018,440,'浪漫心语',5000,600,2,2),
(12019,9123,'七夕恋人',5000,600,2,2),
(12020,9430,'冰渊寻宝令',1000,1000,3,2),
(13001,9388,'灵宠进阶丹',10000,500,3,4),
(13002,9600,'唤剑令',2000,500,3,3),
(13003,9457,'天界牌',2000,500,3,3),
(13004,516,'天赋洗炼丹',3000,500,4,4),
(13005,9418,'机关宝匣',2000,500,4,4),
(13006,551,'高级符文解封石',1000,500,3,4),
(13007,549,'解封石',8000,500,4,4),
(13008,506,'补髓丹',1000,500,3,4),
(13009,466,'元神仙露',1000,500,3,4),
(13010,508,'凝神丹',1000,500,3,4),
(13011,1325,'技能符文熔炼诀',5000,500,4,5),
(13012,9338,'橙色熔炼宝具',5000,500,4,5),
(13013,549,'解封石',6000,300,5,6),
(13014,1325,'技能符文熔炼诀',4000,300,5,6),
(13015,9338,'橙色熔炼宝具',4000,300,5,6),
(13016,9388,'灵宠进阶丹',8000,300,5,6),
(13017,9442,'烟花',9000,300,2,2),
(13018,440,'浪漫心语',5000,300,2,2),
(13019,9123,'七夕恋人',5000,300,2,2),
(13020,9491,'妖尸寻宝令',1000,300,3,2);
