INSERT INTO `clan_skill_template` VALUES
(1,'物攻增强LV1',1,600,0,39,0,0,0),
(1,'物攻增强LV2',2,700,0,47,0,0,0),
(1,'物攻增强LV3',3,800,0,56,0,0,0),
(1,'物攻增强LV4',4,900,0,65,0,0,0),
(1,'物攻增强LV5',5,1000,0,76,0,0,0),
(1,'物攻增强LV6',6,1100,0,87,0,0,0),
(1,'物攻增强LV7',7,1200,0,99,0,0,0),
(1,'物攻增强LV8',8,1300,0,112,0,0,0),
(1,'物攻增强LV9',9,1400,0,125,0,0,0),
(1,'物攻增强LV10',10,1500,0,139,0,0,0),
(1,'物攻增强LV11',11,1600,0,155,0,0,0),
(1,'物攻增强LV12',12,1700,0,170,0,0,0),
(1,'物攻增强LV13',13,1800,0,187,0,0,0),
(1,'物攻增强LV14',14,1900,0,204,0,0,0),
(1,'物攻增强LV15',15,2000,0,223,0,0,0),
(1,'物攻增强LV16',16,2100,0,241,0,0,0),
(1,'物攻增强LV17',17,2200,0,261,0,0,0),
(1,'物攻增强LV18',18,2300,0,282,0,0,0),
(1,'物攻增强LV19',19,2400,0,303,0,0,0),
(1,'物攻增强LV20',20,2500,0,325,0,0,0),
(1,'物攻增强LV21',21,2600,0,348,0,0,0),
(1,'物攻增强LV22',22,2700,0,371,0,0,0),
(1,'物攻增强LV23',23,2800,0,396,0,0,0),
(1,'物攻增强LV24',24,2900,0,421,0,0,0),
(1,'物攻增强LV25',25,3000,0,447,0,0,0),
(1,'物攻增强LV26',26,3100,0,473,0,0,0),
(1,'物攻增强LV27',27,3200,0,501,0,0,0),
(1,'物攻增强LV28',28,3300,0,529,0,0,0),
(1,'物攻增强LV29',29,3400,0,558,0,0,0),
(1,'物攻增强LV30',30,3500,0,588,0,0,0),
(2,'物防增强LV1',1,600,0,0,197,0,0),
(2,'物防增强LV2',2,700,0,0,238,0,0),
(2,'物防增强LV3',3,800,0,0,283,0,0),
(2,'物防增强LV4',4,900,0,0,332,0,0),
(2,'物防增强LV5',5,1000,0,0,385,0,0),
(2,'物防增强LV6',6,1100,0,0,442,0,0),
(2,'物防增强LV7',7,1200,0,0,503,0,0),
(2,'物防增强LV8',8,1300,0,0,568,0,0),
(2,'物防增强LV9',9,1400,0,0,637,0,0),
(2,'物防增强LV10',10,1500,0,0,710,0,0),
(2,'物防增强LV11',11,1600,0,0,787,0,0),
(2,'物防增强LV12',12,1700,0,0,867,0,0),
(2,'物防增强LV13',13,1800,0,0,952,0,0),
(2,'物防增强LV14',14,1900,0,0,1040,0,0),
(2,'物防增强LV15',15,2000,0,0,1133,0,0),
(2,'物防增强LV16',16,2100,0,0,1229,0,0),
(2,'物防增强LV17',17,2200,0,0,1329,0,0),
(2,'物防增强LV18',18,2300,0,0,1434,0,0),
(2,'物防增强LV19',19,2400,0,0,1542,0,0),
(2,'物防增强LV20',20,2500,0,0,1654,0,0),
(2,'物防增强LV21',21,2600,0,0,1770,0,0),
(2,'物防增强LV22',22,2700,0,0,1890,0,0),
(2,'物防增强LV23',23,2800,0,0,2014,0,0),
(2,'物防增强LV24',24,2900,0,0,2141,0,0),
(2,'物防增强LV25',25,3000,0,0,2273,0,0),
(2,'物防增强LV26',26,3100,0,0,2409,0,0),
(2,'物防增强LV27',27,3200,0,0,2549,0,0),
(2,'物防增强LV28',28,3300,0,0,2692,0,0),
(2,'物防增强LV29',29,3400,0,0,2840,0,0),
(2,'物防增强LV30',30,3500,0,0,2991,0,0),
(3,'法攻增强LV1',1,600,0,0,0,39,0),
(3,'法攻增强LV2',2,700,0,0,0,47,0),
(3,'法攻增强LV3',3,800,0,0,0,56,0),
(3,'法攻增强LV4',4,900,0,0,0,65,0),
(3,'法攻增强LV5',5,1000,0,0,0,76,0),
(3,'法攻增强LV6',6,1100,0,0,0,87,0),
(3,'法攻增强LV7',7,1200,0,0,0,99,0),
(3,'法攻增强LV8',8,1300,0,0,0,112,0),
(3,'法攻增强LV9',9,1400,0,0,0,125,0),
(3,'法攻增强LV10',10,1500,0,0,0,139,0),
(3,'法攻增强LV11',11,1600,0,0,0,155,0),
(3,'法攻增强LV12',12,1700,0,0,0,170,0),
(3,'法攻增强LV13',13,1800,0,0,0,187,0),
(3,'法攻增强LV14',14,1900,0,0,0,204,0),
(3,'法攻增强LV15',15,2000,0,0,0,223,0),
(3,'法攻增强LV16',16,2100,0,0,0,241,0),
(3,'法攻增强LV17',17,2200,0,0,0,261,0),
(3,'法攻增强LV18',18,2300,0,0,0,282,0),
(3,'法攻增强LV19',19,2400,0,0,0,303,0),
(3,'法攻增强LV20',20,2500,0,0,0,325,0),
(3,'法攻增强LV21',21,2600,0,0,0,348,0),
(3,'法攻增强LV22',22,2700,0,0,0,371,0),
(3,'法攻增强LV23',23,2800,0,0,0,396,0),
(3,'法攻增强LV24',24,2900,0,0,0,421,0),
(3,'法攻增强LV25',25,3000,0,0,0,447,0),
(3,'法攻增强LV26',26,3100,0,0,0,473,0),
(3,'法攻增强LV27',27,3200,0,0,0,501,0),
(3,'法攻增强LV28',28,3300,0,0,0,529,0),
(3,'法攻增强LV29',29,3400,0,0,0,558,0),
(3,'法攻增强LV30',30,3500,0,0,0,588,0),
(4,'法防增强LV1',1,600,0,0,0,0,197),
(4,'法防增强LV2',2,700,0,0,0,0,238),
(4,'法防增强LV3',3,800,0,0,0,0,283),
(4,'法防增强LV4',4,900,0,0,0,0,332),
(4,'法防增强LV5',5,1000,0,0,0,0,385),
(4,'法防增强LV6',6,1100,0,0,0,0,442),
(4,'法防增强LV7',7,1200,0,0,0,0,503),
(4,'法防增强LV8',8,1300,0,0,0,0,568),
(4,'法防增强LV9',9,1400,0,0,0,0,637),
(4,'法防增强LV10',10,1500,0,0,0,0,710),
(4,'法防增强LV11',11,1600,0,0,0,0,787),
(4,'法防增强LV12',12,1700,0,0,0,0,867),
(4,'法防增强LV13',13,1800,0,0,0,0,952),
(4,'法防增强LV14',14,1900,0,0,0,0,1040),
(4,'法防增强LV15',15,2000,0,0,0,0,1133),
(4,'法防增强LV16',16,2100,0,0,0,0,1229),
(4,'法防增强LV17',17,2200,0,0,0,0,1329),
(4,'法防增强LV18',18,2300,0,0,0,0,1434),
(4,'法防增强LV19',19,2400,0,0,0,0,1542),
(4,'法防增强LV20',20,2500,0,0,0,0,1654),
(4,'法防增强LV21',21,2600,0,0,0,0,1770),
(4,'法防增强LV22',22,2700,0,0,0,0,1890),
(4,'法防增强LV23',23,2800,0,0,0,0,2014),
(4,'法防增强LV24',24,2900,0,0,0,0,2141),
(4,'法防增强LV25',25,3000,0,0,0,0,2273),
(4,'法防增强LV26',26,3100,0,0,0,0,2409),
(4,'法防增强LV27',27,3200,0,0,0,0,2549),
(4,'法防增强LV28',28,3300,0,0,0,0,2692),
(4,'法防增强LV29',29,3400,0,0,0,0,2840),
(4,'法防增强LV30',30,3500,0,0,0,0,2991),
(5,'生命增强LV1',1,600,167,0,0,0,0),
(5,'生命增强LV2',2,700,202,0,0,0,0),
(5,'生命增强LV3',3,800,241,0,0,0,0),
(5,'生命增强LV4',4,900,282,0,0,0,0),
(5,'生命增强LV5',5,1000,328,0,0,0,0),
(5,'生命增强LV6',6,1100,376,0,0,0,0),
(5,'生命增强LV7',7,1200,428,0,0,0,0),
(5,'生命增强LV8',8,1300,483,0,0,0,0),
(5,'生命增强LV9',9,1400,542,0,0,0,0),
(5,'生命增强LV10',10,1500,603,0,0,0,0),
(5,'生命增强LV11',11,1600,669,0,0,0,0),
(5,'生命增强LV12',12,1700,737,0,0,0,0),
(5,'生命增强LV13',13,1800,809,0,0,0,0),
(5,'生命增强LV14',14,1900,884,0,0,0,0),
(5,'生命增强LV15',15,2000,963,0,0,0,0),
(5,'生命增强LV16',16,2100,1045,0,0,0,0),
(5,'生命增强LV17',17,2200,1130,0,0,0,0),
(5,'生命增强LV18',18,2300,1219,0,0,0,0),
(5,'生命增强LV19',19,2400,1310,0,0,0,0),
(5,'生命增强LV20',20,2500,1406,0,0,0,0),
(5,'生命增强LV21',21,2600,1504,0,0,0,0),
(5,'生命增强LV22',22,2700,1606,0,0,0,0),
(5,'生命增强LV23',23,2800,1712,0,0,0,0),
(5,'生命增强LV24',24,2900,1820,0,0,0,0),
(5,'生命增强LV25',25,3000,1932,0,0,0,0),
(5,'生命增强LV26',26,3100,2048,0,0,0,0),
(5,'生命增强LV27',27,3200,2166,0,0,0,0),
(5,'生命增强LV28',28,3300,2288,0,0,0,0),
(5,'生命增强LV29',29,3400,2414,0,0,0,0),
(5,'生命增强LV30',30,3500,2542,0,0,0,0);
