INSERT INTO `clan_tech_template` VALUES
(1,1,5000,1,3,0),
(1,2,10000,2,6,0),
(1,3,15000,3,9,0),
(1,4,20000,4,12,0),
(1,5,25000,5,15,0),
(1,6,30000,6,18,0),
(1,7,35000,7,21,0),
(1,8,40000,8,24,0),
(1,9,45000,9,27,0),
(1,10,50000,10,30,0),
(2,1,5000,1,1,0),
(2,2,10000,2,2,0),
(2,3,15000,3,3,0),
(2,4,20000,4,4,0),
(2,5,25000,5,5,0),
(2,6,30000,6,6,0),
(2,7,35000,7,7,0),
(2,8,40000,8,8,0),
(2,9,45000,9,9,0),
(2,10,50000,10,10,0),
(3,1,2000,1,3,0),
(3,2,4000,2,6,0),
(3,3,6000,3,9,0),
(3,4,8000,4,12,0),
(3,5,10000,5,15,0),
(3,6,12000,6,18,0),
(3,7,14000,7,21,0),
(3,8,16000,8,24,0),
(3,9,18000,9,27,0),
(3,10,20000,10,30,0),
(4,1,5000,1,3,0),
(4,2,10000,2,6,0),
(4,3,15000,3,9,0),
(4,4,20000,4,12,0),
(4,5,25000,5,15,0),
(4,6,30000,6,18,0),
(4,7,35000,7,21,0),
(4,8,40000,8,24,0),
(4,9,45000,9,27,0),
(4,10,50000,10,30,0);
