1	1	12000	1	2	20	1				
1	2	12000	2	2	20	1				
1	3	10000	1	2	100	1				
1	4	10000	2	2	100	1				
1	5	11500	1	2	30	1				
1	6	11500	2	2	30	1				
1	7	12000	5	2	70	1				
1	8	10000	4	2	70	1				
1	9	11500	3	2	90	1				
1	10	10500	1	2	300	2				
2	1	12001	5	2	20	1				
2	2	12001	2	2	20	1				
2	2	12001	2	1	20	1				
2	3	10001	3	2	100	1				
2	4	11501	2	2	30	1				
2	4	11501	2	1	30	1				
2	5	12001	5	1	20	1				
2	5	12001	5	2	20	1				
2	5	12001	5	3	20	2				
2	6	11501	3	1	30	1				
2	6	11501	3	2	30	1				
2	7	10501	4	2	300	1				
2	8	11501	3	1	30	1				
2	8	11501	3	2	30	1				
2	8	11501	3	3	30	1				
2	9	10001	5	1	70	2				
2	9	10001	5	2	70	1				
2	9	10001	5	3	70	1				
2	10	11001	1	2	90	2				
3	1	12002	3	0	20	1		120 		2
3	1	12002	3	0	20	1		120 		2
3	1	12002	3	0	20	1		120 		2
3	2	10002	3	0	100	1		100 		2
3	2	10002	3	0	100	1		100 		2
3	2	10002	3	0	100	1		100 		2
3	3	10502	3	0	30	1		105 		2
3	3	10502	3	0	30	1		105 		2
3	3	10502	3	0	30	1		105 		2
3	4	11502	3	0	70	2		115 		2
3	4	11502	3	0	70	2		115 		2
3	4	11502	3	0	70	2		115 		2
3	5	11002	5	0	90	3		110 		2
3	5	11002	5	0	90	3		110 		2
3	5	11002	5	0	90	3		110 		2
3	6	12002	5	0	20	1		120 		2
3	6	12002	5	0	20	1		120 		2
3	6	12002	5	0	20	1		120 		2
3	7	10002	5	0	100	1		100 		2
3	7	10002	5	0	100	1		100 		2
3	7	10002	5	0	100	1		100 		2
3	8	10502	5	0	30	1		105 		2
3	8	10502	5	0	30	1		105 		2
3	8	10502	5	0	30	1		105 		2
3	9	11502	5	0	70	2		115 		2
3	9	11502	5	0	70	2		115 		2
3	9	11502	5	0	70	2		115 		2
3	10	11002	1	0	90	3		110 		2
3	10	11002	1	0	90	3		110 		2
3	10	11002	1	0	90	3		110 		2
4	1	12003	3	0	20	1		120 		3
4	1	12003	3	0	20	1		120 		3
4	1	12003	3	0	20	1		120 		3
4	2	10003	3	0	100	1		100 		3
4	2	10003	3	0	100	1		100 		3
4	2	10003	3	0	100	1		100 		3
4	3	10503	3	0	30	1		105 		3
4	3	10503	3	0	30	1		105 		3
4	3	10503	3	0	30	1		105 		3
4	4	11503	3	0	70	2		115 		3
4	4	11503	3	0	70	2		115 		3
4	4	11503	3	0	70	2		115 		3
4	5	11003	5	0	90	3		110 		3
4	5	11003	5	0	90	3		110 		3
4	5	11003	5	0	90	3		110 		3
4	6	12003	5	0	20	1		120 		3
4	6	12003	5	0	20	1		120 		3
4	6	12003	5	0	20	1		120 		3
4	7	10003	5	0	100	1		100 		3
4	7	10003	5	0	100	1		100 		3
4	7	10003	5	0	100	1		100 		3
4	8	10503	5	0	30	1		105 		3
4	8	10503	5	0	30	1		105 		3
4	8	10503	5	0	30	1		105 		3
4	9	11503	5	0	70	2		115 		3
4	9	11503	5	0	70	2		115 		3
4	9	11503	5	0	70	2		115 		3
4	10	11003	1	0	90	3		110 		3
4	10	11003	1	0	90	3		110 		3
4	10	11003	1	0	90	3		110 		3
5	1	12004	3	0	20	1		120 		4
5	1	12004	3	0	20	1		120 		4
5	1	12004	3	0	20	1		120 		4
5	2	10004	3	0	100	1		100 		4
5	2	10004	3	0	100	1		100 		4
5	2	10004	3	0	100	1		100 		4
5	3	10504	3	0	30	1		105 		4
5	3	10504	3	0	30	1		105 		4
5	3	10504	3	0	30	1		105 		4
5	4	11504	3	0	70	2		115 		4
5	4	11504	3	0	70	2		115 		4
5	4	11504	3	0	70	2		115 		4
5	5	11004	5	0	90	3		110 		4
5	5	11004	5	0	90	3		110 		4
5	5	11004	5	0	90	3		110 		4
5	6	12004	5	0	20	1		120 		4
5	6	12004	5	0	20	1		120 		4
5	6	12004	5	0	20	1		120 		4
5	7	10004	5	0	100	1		100 		4
5	7	10004	5	0	100	1		100 		4
5	7	10004	5	0	100	1		100 		4
5	8	10504	5	0	30	1		105 		4
5	8	10504	5	0	30	1		105 		4
5	8	10504	5	0	30	1		105 		4
5	9	11504	5	0	70	2		115 		4
5	9	11504	5	0	70	2		115 		4
5	9	11504	5	0	70	2		115 		4
5	10	11004	1	0	90	3		110 		4
5	10	11004	1	0	90	3		110 		4
5	10	11004	1	0	90	3		110 		4
6	1	12005	3	0	20	1		120 		5
6	1	12005	3	0	20	1		120 		5
6	1	12005	3	0	20	1		120 		5
6	2	10005	3	0	100	1		100 		5
6	2	10005	3	0	100	1		100 		5
6	2	10005	3	0	100	1		100 		5
6	3	10505	3	0	30	1		105 		5
6	3	10505	3	0	30	1		105 		5
6	3	10505	3	0	30	1		105 		5
6	4	11505	3	0	70	2		115 		5
6	4	11505	3	0	70	2		115 		5
6	4	11505	3	0	70	2		115 		5
6	5	11005	5	0	90	3		110 		5
6	5	11005	5	0	90	3		110 		5
6	5	11005	5	0	90	3		110 		5
6	6	12005	5	0	20	1		120 		5
6	6	12005	5	0	20	1		120 		5
6	6	12005	5	0	20	1		120 		5
6	7	10005	5	0	100	1		100 		5
6	7	10005	5	0	100	1		100 		5
6	7	10005	5	0	100	1		100 		5
6	8	10505	5	0	30	1		105 		5
6	8	10505	5	0	30	1		105 		5
6	8	10505	5	0	30	1		105 		5
6	9	11505	5	0	70	2		115 		5
6	9	11505	5	0	70	2		115 		5
6	9	11505	5	0	70	2		115 		5
6	10	11005	1	0	90	3		110 		5
6	10	11005	1	0	90	3		110 		5
6	10	11005	1	0	90	3		110 		5
7	1	12006	3	0	20	1		120 		6
7	1	12006	3	0	20	1		120 		6
7	1	12006	3	0	20	1		120 		6
7	2	10006	3	0	100	1		100 		6
7	2	10006	3	0	100	1		100 		6
7	2	10006	3	0	100	1		100 		6
7	3	10506	3	0	30	1		105 		6
7	3	10506	3	0	30	1		105 		6
7	3	10506	3	0	30	1		105 		6
7	4	11506	3	0	70	2		115 		6
7	4	11506	3	0	70	2		115 		6
7	4	11506	3	0	70	2		115 		6
7	5	11006	5	0	90	3		110 		6
7	5	11006	5	0	90	3		110 		6
7	5	11006	5	0	90	3		110 		6
7	6	12006	5	0	20	1		120 		6
7	6	12006	5	0	20	1		120 		6
7	6	12006	5	0	20	1		120 		6
7	7	10006	5	0	100	1		100 		6
7	7	10006	5	0	100	1		100 		6
7	7	10006	5	0	100	1		100 		6
7	8	10506	5	0	30	1		105 		6
7	8	10506	5	0	30	1		105 		6
7	8	10506	5	0	30	1		105 		6
7	9	11506	5	0	70	2		115 		6
7	9	11506	5	0	70	2		115 		6
7	9	11506	5	0	70	2		115 		6
7	10	11006	1	0	90	3		110 		6
7	10	11006	1	0	90	3		110 		6
7	10	11006	1	0	90	3		110 		6
8	1	12007	3	0	20	1		120 		7
8	1	12007	3	0	20	1		120 		7
8	1	12007	3	0	20	1		120 		7
8	2	10007	3	0	100	1		100 		7
8	2	10007	3	0	100	1		100 		7
8	2	10007	3	0	100	1		100 		7
8	3	10507	3	0	30	1		105 		7
8	3	10507	3	0	30	1		105 		7
8	3	10507	3	0	30	1		105 		7
8	4	11507	3	0	70	2		115 		7
8	4	11507	3	0	70	2		115 		7
8	4	11507	3	0	70	2		115 		7
8	5	11007	5	0	90	3		110 		7
8	5	11007	5	0	90	3		110 		7
8	5	11007	5	0	90	3		110 		7
8	6	12007	5	0	20	1		120 		7
8	6	12007	5	0	20	1		120 		7
8	6	12007	5	0	20	1		120 		7
8	7	10007	5	0	100	1		100 		7
8	7	10007	5	0	100	1		100 		7
8	7	10007	5	0	100	1		100 		7
8	8	10507	5	0	30	1		105 		7
8	8	10507	5	0	30	1		105 		7
8	8	10507	5	0	30	1		105 		7
8	9	11507	5	0	70	2		115 		7
8	9	11507	5	0	70	2		115 		7
8	9	11507	5	0	70	2		115 		7
8	10	11007	1	0	90	3		110 		7
8	10	11007	1	0	90	3		110 		7
8	10	11007	1	0	90	3		110 		7
9	1	12008	3	0	20	1		120 		8
9	1	12008	3	0	20	1		120 		8
9	1	12008	3	0	20	1		120 		8
9	2	10008	3	0	100	1		100 		8
9	2	10008	3	0	100	1		100 		8
9	2	10008	3	0	100	1		100 		8
9	3	10508	3	0	30	1		105 		8
9	3	10508	3	0	30	1		105 		8
9	3	10508	3	0	30	1		105 		8
9	4	11508	3	0	70	2		115 		8
9	4	11508	3	0	70	2		115 		8
9	4	11508	3	0	70	2		115 		8
9	5	11008	5	0	90	3		110 		8
9	5	11008	5	0	90	3		110 		8
9	5	11008	5	0	90	3		110 		8
9	6	12008	5	0	20	1		120 		8
9	6	12008	5	0	20	1		120 		8
9	6	12008	5	0	20	1		120 		8
9	7	10008	5	0	100	1		100 		8
9	7	10008	5	0	100	1		100 		8
9	7	10008	5	0	100	1		100 		8
9	8	10508	5	0	30	1		105 		8
9	8	10508	5	0	30	1		105 		8
9	8	10508	5	0	30	1		105 		8
9	9	11508	5	0	70	2		115 		8
9	9	11508	5	0	70	2		115 		8
9	9	11508	5	0	70	2		115 		8
9	10	11008	1	0	90	3		110 		8
9	10	11008	1	0	90	3		110 		8
9	10	11008	1	0	90	3		110 		8
10	1	12009	3	0	20	1		120 		9
10	1	12009	3	0	20	1		120 		9
10	1	12009	3	0	20	1		120 		9
10	2	10009	3	0	100	1		100 		9
10	2	10009	3	0	100	1		100 		9
10	2	10009	3	0	100	1		100 		9
10	3	10509	3	0	30	1		105 		9
10	3	10509	3	0	30	1		105 		9
10	3	10509	3	0	30	1		105 		9
10	4	11509	3	0	70	2		115 		9
10	4	11509	3	0	70	2		115 		9
10	4	11509	3	0	70	2		115 		9
10	5	11009	5	0	90	3		110 		9
10	5	11009	5	0	90	3		110 		9
10	5	11009	5	0	90	3		110 		9
10	6	12009	5	0	20	1		120 		9
10	6	12009	5	0	20	1		120 		9
10	6	12009	5	0	20	1		120 		9
10	7	10009	5	0	100	1		100 		9
10	7	10009	5	0	100	1		100 		9
10	7	10009	5	0	100	1		100 		9
10	8	10509	5	0	30	1		105 		9
10	8	10509	5	0	30	1		105 		9
10	8	10509	5	0	30	1		105 		9
10	9	11509	5	0	70	2		115 		9
10	9	11509	5	0	70	2		115 		9
10	9	11509	5	0	70	2		115 		9
10	10	11009	1	0	90	3		110 		9
10	10	11009	1	0	90	3		110 		9
10	10	11009	1	0	90	3		110 		9
11	1	12010	3	0	20	1		120 		10
11	1	12010	3	0	20	1		120 		10
11	1	12010	3	0	20	1		120 		10
11	2	10010	3	0	100	1		100 		10
11	2	10010	3	0	100	1		100 		10
11	2	10010	3	0	100	1		100 		10
11	3	10510	3	0	30	1		105 		10
11	3	10510	3	0	30	1		105 		10
11	3	10510	3	0	30	1		105 		10
11	4	11510	3	0	70	2		115 		10
11	4	11510	3	0	70	2		115 		10
11	4	11510	3	0	70	2		115 		10
11	5	11010	5	0	90	3		110 		10
11	5	11010	5	0	90	3		110 		10
11	5	11010	5	0	90	3		110 		10
11	6	12010	5	0	20	1		120 		10
11	6	12010	5	0	20	1		120 		10
11	6	12010	5	0	20	1		120 		10
11	7	10010	5	0	100	1		100 		10
11	7	10010	5	0	100	1		100 		10
11	7	10010	5	0	100	1		100 		10
11	8	10510	5	0	30	1		105 		10
11	8	10510	5	0	30	1		105 		10
11	8	10510	5	0	30	1		105 		10
11	9	11510	5	0	70	2		115 		10
11	9	11510	5	0	70	2		115 		10
11	9	11510	5	0	70	2		115 		10
11	10	11010	1	0	90	3		110 		10
11	10	11010	1	0	90	3		110 		10
11	10	11010	1	0	90	3		110 		10
12	1	12011	3	0	20	1		120 		11
12	1	12011	3	0	20	1		120 		11
12	1	12011	3	0	20	1		120 		11
12	2	10011	3	0	100	1		100 		11
12	2	10011	3	0	100	1		100 		11
12	2	10011	3	0	100	1		100 		11
12	3	10511	3	0	30	1		105 		11
12	3	10511	3	0	30	1		105 		11
12	3	10511	3	0	30	1		105 		11
12	4	11511	3	0	70	2		115 		11
12	4	11511	3	0	70	2		115 		11
12	4	11511	3	0	70	2		115 		11
12	5	11011	5	0	90	3		110 		11
12	5	11011	5	0	90	3		110 		11
12	5	11011	5	0	90	3		110 		11
12	6	12011	5	0	20	1		120 		11
12	6	12011	5	0	20	1		120 		11
12	6	12011	5	0	20	1		120 		11
12	7	10011	5	0	100	1		100 		11
12	7	10011	5	0	100	1		100 		11
12	7	10011	5	0	100	1		100 		11
12	8	10511	5	0	30	1		105 		11
12	8	10511	5	0	30	1		105 		11
12	8	10511	5	0	30	1		105 		11
12	9	11511	5	0	70	2		115 		11
12	9	11511	5	0	70	2		115 		11
12	9	11511	5	0	70	2		115 		11
12	10	11011	1	0	90	3		110 		11
12	10	11011	1	0	90	3		110 		11
12	10	11011	1	0	90	3		110 		11
13	1	12012	3	0	20	1		120 		12
13	1	12012	3	0	20	1		120 		12
13	1	12012	3	0	20	1		120 		12
13	2	10012	3	0	100	1		100 		12
13	2	10012	3	0	100	1		100 		12
13	2	10012	3	0	100	1		100 		12
13	3	10512	3	0	30	1		105 		12
13	3	10512	3	0	30	1		105 		12
13	3	10512	3	0	30	1		105 		12
13	4	11512	3	0	70	2		115 		12
13	4	11512	3	0	70	2		115 		12
13	4	11512	3	0	70	2		115 		12
13	5	11012	5	0	90	3		110 		12
13	5	11012	5	0	90	3		110 		12
13	5	11012	5	0	90	3		110 		12
13	6	12012	5	0	20	1		120 		12
13	6	12012	5	0	20	1		120 		12
13	6	12012	5	0	20	1		120 		12
13	7	10012	5	0	100	1		100 		12
13	7	10012	5	0	100	1		100 		12
13	7	10012	5	0	100	1		100 		12
13	8	10512	5	0	30	1		105 		12
13	8	10512	5	0	30	1		105 		12
13	8	10512	5	0	30	1		105 		12
13	9	11512	5	0	70	2		115 		12
13	9	11512	5	0	70	2		115 		12
13	9	11512	5	0	70	2		115 		12
13	10	11012	1	0	90	3		110 		12
13	10	11012	1	0	90	3		110 		12
13	10	11012	1	0	90	3		110 		12
14	1	12013	3	0	20	1		120 		13
14	1	12013	3	0	20	1		120 		13
14	1	12013	3	0	20	1		120 		13
14	2	10013	3	0	100	1		100 		13
14	2	10013	3	0	100	1		100 		13
14	2	10013	3	0	100	1		100 		13
14	3	10513	3	0	30	1		105 		13
14	3	10513	3	0	30	1		105 		13
14	3	10513	3	0	30	1		105 		13
14	4	11513	3	0	70	2		115 		13
14	4	11513	3	0	70	2		115 		13
14	4	11513	3	0	70	2		115 		13
14	5	11013	5	0	90	3		110 		13
14	5	11013	5	0	90	3		110 		13
14	5	11013	5	0	90	3		110 		13
14	6	12013	5	0	20	1		120 		13
14	6	12013	5	0	20	1		120 		13
14	6	12013	5	0	20	1		120 		13
14	7	10013	5	0	100	1		100 		13
14	7	10013	5	0	100	1		100 		13
14	7	10013	5	0	100	1		100 		13
14	8	10513	5	0	30	1		105 		13
14	8	10513	5	0	30	1		105 		13
14	8	10513	5	0	30	1		105 		13
14	9	11513	5	0	70	2		115 		13
14	9	11513	5	0	70	2		115 		13
14	9	11513	5	0	70	2		115 		13
14	10	11013	1	0	90	3		110 		13
14	10	11013	1	0	90	3		110 		13
14	10	11013	1	0	90	3		110 		13
15	1	12014	3	0	20	1		120 		14
15	1	12014	3	0	20	1		120 		14
15	1	12014	3	0	20	1		120 		14
15	2	10014	3	0	100	1		100 		14
15	2	10014	3	0	100	1		100 		14
15	2	10014	3	0	100	1		100 		14
15	3	10514	3	0	30	1		105 		14
15	3	10514	3	0	30	1		105 		14
15	3	10514	3	0	30	1		105 		14
15	4	11514	3	0	70	2		115 		14
15	4	11514	3	0	70	2		115 		14
15	4	11514	3	0	70	2		115 		14
15	5	11014	5	0	90	3		110 		14
15	5	11014	5	0	90	3		110 		14
15	5	11014	5	0	90	3		110 		14
15	6	12014	5	0	20	1		120 		14
15	6	12014	5	0	20	1		120 		14
15	6	12014	5	0	20	1		120 		14
15	7	10014	5	0	100	1		100 		14
15	7	10014	5	0	100	1		100 		14
15	7	10014	5	0	100	1		100 		14
15	8	10514	5	0	30	1		105 		14
15	8	10514	5	0	30	1		105 		14
15	8	10514	5	0	30	1		105 		14
15	9	11514	5	0	70	2		115 		14
15	9	11514	5	0	70	2		115 		14
15	9	11514	5	0	70	2		115 		14
15	10	11014	1	0	90	3		110 		14
15	10	11014	1	0	90	3		110 		14
15	10	11014	1	0	90	3		110 		14
16	1	12015	3	0	20	1		120 		15
16	1	12015	3	0	20	1		120 		15
16	1	12015	3	0	20	1		120 		15
16	2	10015	3	0	100	1		100 		15
16	2	10015	3	0	100	1		100 		15
16	2	10015	3	0	100	1		100 		15
16	3	10515	3	0	30	1		105 		15
16	3	10515	3	0	30	1		105 		15
16	3	10515	3	0	30	1		105 		15
16	4	11515	3	0	70	2		115 		15
16	4	11515	3	0	70	2		115 		15
16	4	11515	3	0	70	2		115 		15
16	5	11015	5	0	90	3		110 		15
16	5	11015	5	0	90	3		110 		15
16	5	11015	5	0	90	3		110 		15
16	6	12015	5	0	20	1		120 		15
16	6	12015	5	0	20	1		120 		15
16	6	12015	5	0	20	1		120 		15
16	7	10015	5	0	100	1		100 		15
16	7	10015	5	0	100	1		100 		15
16	7	10015	5	0	100	1		100 		15
16	8	10515	5	0	30	1		105 		15
16	8	10515	5	0	30	1		105 		15
16	8	10515	5	0	30	1		105 		15
16	9	11515	5	0	70	2		115 		15
16	9	11515	5	0	70	2		115 		15
16	9	11515	5	0	70	2		115 		15
16	10	11015	1	0	90	3		110 		15
16	10	11015	1	0	90	3		110 		15
16	10	11015	1	0	90	3		110 		15
17	1	12016	3	0	20	1		120 		16
17	1	12016	3	0	20	1		120 		16
17	1	12016	3	0	20	1		120 		16
17	2	10016	3	0	100	1		100 		16
17	2	10016	3	0	100	1		100 		16
17	2	10016	3	0	100	1		100 		16
17	3	10516	3	0	30	1		105 		16
17	3	10516	3	0	30	1		105 		16
17	3	10516	3	0	30	1		105 		16
17	4	11516	3	0	70	2		115 		16
17	4	11516	3	0	70	2		115 		16
17	4	11516	3	0	70	2		115 		16
17	5	11016	5	0	90	3		110 		16
17	5	11016	5	0	90	3		110 		16
17	5	11016	5	0	90	3		110 		16
17	6	12016	5	0	20	1		120 		16
17	6	12016	5	0	20	1		120 		16
17	6	12016	5	0	20	1		120 		16
17	7	10016	5	0	100	1		100 		16
17	7	10016	5	0	100	1		100 		16
17	7	10016	5	0	100	1		100 		16
17	8	10516	5	0	30	1		105 		16
17	8	10516	5	0	30	1		105 		16
17	8	10516	5	0	30	1		105 		16
17	9	11516	5	0	70	2		115 		16
17	9	11516	5	0	70	2		115 		16
17	9	11516	5	0	70	2		115 		16
17	10	11016	1	0	90	3		110 		16
17	10	11016	1	0	90	3		110 		16
17	10	11016	1	0	90	3		110 		16
18	1	12017	3	0	20	1		120 		17
18	1	12017	3	0	20	1		120 		17
18	1	12017	3	0	20	1		120 		17
18	2	10017	3	0	100	1		100 		17
18	2	10017	3	0	100	1		100 		17
18	2	10017	3	0	100	1		100 		17
18	3	10517	3	0	30	1		105 		17
18	3	10517	3	0	30	1		105 		17
18	3	10517	3	0	30	1		105 		17
18	4	11517	3	0	70	2		115 		17
18	4	11517	3	0	70	2		115 		17
18	4	11517	3	0	70	2		115 		17
18	5	11017	5	0	90	3		110 		17
18	5	11017	5	0	90	3		110 		17
18	5	11017	5	0	90	3		110 		17
18	6	12017	5	0	20	1		120 		17
18	6	12017	5	0	20	1		120 		17
18	6	12017	5	0	20	1		120 		17
18	7	10017	5	0	100	1		100 		17
18	7	10017	5	0	100	1		100 		17
18	7	10017	5	0	100	1		100 		17
18	8	10517	5	0	30	1		105 		17
18	8	10517	5	0	30	1		105 		17
18	8	10517	5	0	30	1		105 		17
18	9	11517	5	0	70	2		115 		17
18	9	11517	5	0	70	2		115 		17
18	9	11517	5	0	70	2		115 		17
18	10	11017	1	0	90	3		110 		17
18	10	11017	1	0	90	3		110 		17
18	10	11017	1	0	90	3		110 		17
19	1	12018	3	0	20	1		120 		18
19	1	12018	3	0	20	1		120 		18
19	1	12018	3	0	20	1		120 		18
19	2	10018	3	0	100	1		100 		18
19	2	10018	3	0	100	1		100 		18
19	2	10018	3	0	100	1		100 		18
19	3	10518	3	0	30	1		105 		18
19	3	10518	3	0	30	1		105 		18
19	3	10518	3	0	30	1		105 		18
19	4	11518	3	0	70	2		115 		18
19	4	11518	3	0	70	2		115 		18
19	4	11518	3	0	70	2		115 		18
19	5	11018	5	0	90	3		110 		18
19	5	11018	5	0	90	3		110 		18
19	5	11018	5	0	90	3		110 		18
19	6	12018	5	0	20	1		120 		18
19	6	12018	5	0	20	1		120 		18
19	6	12018	5	0	20	1		120 		18
19	7	10018	5	0	100	1		100 		18
19	7	10018	5	0	100	1		100 		18
19	7	10018	5	0	100	1		100 		18
19	8	10518	5	0	30	1		105 		18
19	8	10518	5	0	30	1		105 		18
19	8	10518	5	0	30	1		105 		18
19	9	11518	5	0	70	2		115 		18
19	9	11518	5	0	70	2		115 		18
19	9	11518	5	0	70	2		115 		18
19	10	11018	1	0	90	3		110 		18
19	10	11018	1	0	90	3		110 		18
19	10	11018	1	0	90	3		110 		18
20	1	12019	3	0	20	1		120 		19
20	1	12019	3	0	20	1		120 		19
20	1	12019	3	0	20	1		120 		19
20	2	10019	3	0	100	1		100 		19
20	2	10019	3	0	100	1		100 		19
20	2	10019	3	0	100	1		100 		19
20	3	10519	3	0	30	1		105 		19
20	3	10519	3	0	30	1		105 		19
20	3	10519	3	0	30	1		105 		19
20	4	11519	3	0	70	2		115 		19
20	4	11519	3	0	70	2		115 		19
20	4	11519	3	0	70	2		115 		19
20	5	11019	5	0	90	3		110 		19
20	5	11019	5	0	90	3		110 		19
20	5	11019	5	0	90	3		110 		19
20	6	12019	5	0	20	1		120 		19
20	6	12019	5	0	20	1		120 		19
20	6	12019	5	0	20	1		120 		19
20	7	10019	5	0	100	1		100 		19
20	7	10019	5	0	100	1		100 		19
20	7	10019	5	0	100	1		100 		19
20	8	10519	5	0	30	1		105 		19
20	8	10519	5	0	30	1		105 		19
20	8	10519	5	0	30	1		105 		19
20	9	11519	5	0	70	2		115 		19
20	9	11519	5	0	70	2		115 		19
20	9	11519	5	0	70	2		115 		19
20	10	11019	1	0	90	3		110 		19
20	10	11019	1	0	90	3		110 		19
20	10	11019	1	0	90	3		110 		19
21	1	12020	3	0	20	1		120 		20
21	1	12020	3	0	20	1		120 		20
21	1	12020	3	0	20	1		120 		20
21	2	10020	3	0	100	1		100 		20
21	2	10020	3	0	100	1		100 		20
21	2	10020	3	0	100	1		100 		20
21	3	10520	3	0	30	1		105 		20
21	3	10520	3	0	30	1		105 		20
21	3	10520	3	0	30	1		105 		20
21	4	11520	3	0	70	2		115 		20
21	4	11520	3	0	70	2		115 		20
21	4	11520	3	0	70	2		115 		20
21	5	11020	5	0	90	3		110 		20
21	5	11020	5	0	90	3		110 		20
21	5	11020	5	0	90	3		110 		20
21	6	12020	5	0	20	1		120 		20
21	6	12020	5	0	20	1		120 		20
21	6	12020	5	0	20	1		120 		20
21	7	10020	5	0	100	1		100 		20
21	7	10020	5	0	100	1		100 		20
21	7	10020	5	0	100	1		100 		20
21	8	10520	5	0	30	1		105 		20
21	8	10520	5	0	30	1		105 		20
21	8	10520	5	0	30	1		105 		20
21	9	11520	5	0	70	2		115 		20
21	9	11520	5	0	70	2		115 		20
21	9	11520	5	0	70	2		115 		20
21	10	11020	1	0	90	3		110 		20
21	10	11020	1	0	90	3		110 		20
21	10	11020	1	0	90	3		110 		20
22	1	12021	3	0	20	1		120 		21
22	1	12021	3	0	20	1		120 		21
22	1	12021	3	0	20	1		120 		21
22	2	10021	3	0	100	1		100 		21
22	2	10021	3	0	100	1		100 		21
22	2	10021	3	0	100	1		100 		21
22	3	10521	3	0	30	1		105 		21
22	3	10521	3	0	30	1		105 		21
22	3	10521	3	0	30	1		105 		21
22	4	11521	3	0	70	2		115 		21
22	4	11521	3	0	70	2		115 		21
22	4	11521	3	0	70	2		115 		21
22	5	11021	5	0	90	3		110 		21
22	5	11021	5	0	90	3		110 		21
22	5	11021	5	0	90	3		110 		21
22	6	12021	5	0	20	1		120 		21
22	6	12021	5	0	20	1		120 		21
22	6	12021	5	0	20	1		120 		21
22	7	10021	5	0	100	1		100 		21
22	7	10021	5	0	100	1		100 		21
22	7	10021	5	0	100	1		100 		21
22	8	10521	5	0	30	1		105 		21
22	8	10521	5	0	30	1		105 		21
22	8	10521	5	0	30	1		105 		21
22	9	11521	5	0	70	2		115 		21
22	9	11521	5	0	70	2		115 		21
22	9	11521	5	0	70	2		115 		21
22	10	11021	1	0	90	3		110 		21
22	10	11021	1	0	90	3		110 		21
22	10	11021	1	0	90	3		110 		21
23	1	12022	3	0	20	1		120 		22
23	1	12022	3	0	20	1		120 		22
23	1	12022	3	0	20	1		120 		22
23	2	10022	3	0	100	1		100 		22
23	2	10022	3	0	100	1		100 		22
23	2	10022	3	0	100	1		100 		22
23	3	10522	3	0	30	1		105 		22
23	3	10522	3	0	30	1		105 		22
23	3	10522	3	0	30	1		105 		22
23	4	11522	3	0	70	2		115 		22
23	4	11522	3	0	70	2		115 		22
23	4	11522	3	0	70	2		115 		22
23	5	11022	5	0	90	3		110 		22
23	5	11022	5	0	90	3		110 		22
23	5	11022	5	0	90	3		110 		22
23	6	12022	5	0	20	1		120 		22
23	6	12022	5	0	20	1		120 		22
23	6	12022	5	0	20	1		120 		22
23	7	10022	5	0	100	1		100 		22
23	7	10022	5	0	100	1		100 		22
23	7	10022	5	0	100	1		100 		22
23	8	10522	5	0	30	1		105 		22
23	8	10522	5	0	30	1		105 		22
23	8	10522	5	0	30	1		105 		22
23	9	11522	5	0	70	2		115 		22
23	9	11522	5	0	70	2		115 		22
23	9	11522	5	0	70	2		115 		22
23	10	11022	1	0	90	3		110 		22
23	10	11022	1	0	90	3		110 		22
23	10	11022	1	0	90	3		110 		22
24	1	12023	3	0	20	1		120 		23
24	1	12023	3	0	20	1		120 		23
24	1	12023	3	0	20	1		120 		23
24	2	10023	3	0	100	1		100 		23
24	2	10023	3	0	100	1		100 		23
24	2	10023	3	0	100	1		100 		23
24	3	10523	3	0	30	1		105 		23
24	3	10523	3	0	30	1		105 		23
24	3	10523	3	0	30	1		105 		23
24	4	11523	3	0	70	2		115 		23
24	4	11523	3	0	70	2		115 		23
24	4	11523	3	0	70	2		115 		23
24	5	11023	5	0	90	3		110 		23
24	5	11023	5	0	90	3		110 		23
24	5	11023	5	0	90	3		110 		23
24	6	12023	5	0	20	1		120 		23
24	6	12023	5	0	20	1		120 		23
24	6	12023	5	0	20	1		120 		23
24	7	10023	5	0	100	1		100 		23
24	7	10023	5	0	100	1		100 		23
24	7	10023	5	0	100	1		100 		23
24	8	10523	5	0	30	1		105 		23
24	8	10523	5	0	30	1		105 		23
24	8	10523	5	0	30	1		105 		23
24	9	11523	5	0	70	2		115 		23
24	9	11523	5	0	70	2		115 		23
24	9	11523	5	0	70	2		115 		23
24	10	11023	1	0	90	3		110 		23
24	10	11023	1	0	90	3		110 		23
24	10	11023	1	0	90	3		110 		23
25	1	12024	3	0	20	1		120 		24
25	1	12024	3	0	20	1		120 		24
25	1	12024	3	0	20	1		120 		24
25	2	10024	3	0	100	1		100 		24
25	2	10024	3	0	100	1		100 		24
25	2	10024	3	0	100	1		100 		24
25	3	10524	3	0	30	1		105 		24
25	3	10524	3	0	30	1		105 		24
25	3	10524	3	0	30	1		105 		24
25	4	11524	3	0	70	2		115 		24
25	4	11524	3	0	70	2		115 		24
25	4	11524	3	0	70	2		115 		24
25	5	11024	5	0	90	3		110 		24
25	5	11024	5	0	90	3		110 		24
25	5	11024	5	0	90	3		110 		24
25	6	12024	5	0	20	1		120 		24
25	6	12024	5	0	20	1		120 		24
25	6	12024	5	0	20	1		120 		24
25	7	10024	5	0	100	1		100 		24
25	7	10024	5	0	100	1		100 		24
25	7	10024	5	0	100	1		100 		24
25	8	10524	5	0	30	1		105 		24
25	8	10524	5	0	30	1		105 		24
25	8	10524	5	0	30	1		105 		24
25	9	11524	5	0	70	2		115 		24
25	9	11524	5	0	70	2		115 		24
25	9	11524	5	0	70	2		115 		24
25	10	11024	1	0	90	3		110 		24
25	10	11024	1	0	90	3		110 		24
25	10	11024	1	0	90	3		110 		24
26	1	12025	3	0	20	1		120 		25
26	1	12025	3	0	20	1		120 		25
26	1	12025	3	0	20	1		120 		25
26	2	10025	3	0	100	1		100 		25
26	2	10025	3	0	100	1		100 		25
26	2	10025	3	0	100	1		100 		25
26	3	10525	3	0	30	1		105 		25
26	3	10525	3	0	30	1		105 		25
26	3	10525	3	0	30	1		105 		25
26	4	11525	3	0	70	2		115 		25
26	4	11525	3	0	70	2		115 		25
26	4	11525	3	0	70	2		115 		25
26	5	11025	5	0	90	3		110 		25
26	5	11025	5	0	90	3		110 		25
26	5	11025	5	0	90	3		110 		25
26	6	12025	5	0	20	1		120 		25
26	6	12025	5	0	20	1		120 		25
26	6	12025	5	0	20	1		120 		25
26	7	10025	5	0	100	1		100 		25
26	7	10025	5	0	100	1		100 		25
26	7	10025	5	0	100	1		100 		25
26	8	10525	5	0	30	1		105 		25
26	8	10525	5	0	30	1		105 		25
26	8	10525	5	0	30	1		105 		25
26	9	11525	5	0	70	2		115 		25
26	9	11525	5	0	70	2		115 		25
26	9	11525	5	0	70	2		115 		25
26	10	11025	1	0	90	3		110 		25
26	10	11025	1	0	90	3		110 		25
26	10	11025	1	0	90	3		110 		25
27	1	12026	3	0	20	1		120 		26
27	1	12026	3	0	20	1		120 		26
27	1	12026	3	0	20	1		120 		26
27	2	10026	3	0	100	1		100 		26
27	2	10026	3	0	100	1		100 		26
27	2	10026	3	0	100	1		100 		26
27	3	10526	3	0	30	1		105 		26
27	3	10526	3	0	30	1		105 		26
27	3	10526	3	0	30	1		105 		26
27	4	11526	3	0	70	2		115 		26
27	4	11526	3	0	70	2		115 		26
27	4	11526	3	0	70	2		115 		26
27	5	11026	5	0	90	3		110 		26
27	5	11026	5	0	90	3		110 		26
27	5	11026	5	0	90	3		110 		26
27	6	12026	5	0	20	1		120 		26
27	6	12026	5	0	20	1		120 		26
27	6	12026	5	0	20	1		120 		26
27	7	10026	5	0	100	1		100 		26
27	7	10026	5	0	100	1		100 		26
27	7	10026	5	0	100	1		100 		26
27	8	10526	5	0	30	1		105 		26
27	8	10526	5	0	30	1		105 		26
27	8	10526	5	0	30	1		105 		26
27	9	11526	5	0	70	2		115 		26
27	9	11526	5	0	70	2		115 		26
27	9	11526	5	0	70	2		115 		26
27	10	11026	1	0	90	3		110 		26
27	10	11026	1	0	90	3		110 		26
27	10	11026	1	0	90	3		110 		26
28	1	12027	3	0	20	1		120 		27
28	1	12027	3	0	20	1		120 		27
28	1	12027	3	0	20	1		120 		27
28	2	10027	3	0	100	1		100 		27
28	2	10027	3	0	100	1		100 		27
28	2	10027	3	0	100	1		100 		27
28	3	10527	3	0	30	1		105 		27
28	3	10527	3	0	30	1		105 		27
28	3	10527	3	0	30	1		105 		27
28	4	11527	3	0	70	2		115 		27
28	4	11527	3	0	70	2		115 		27
28	4	11527	3	0	70	2		115 		27
28	5	11027	5	0	90	3		110 		27
28	5	11027	5	0	90	3		110 		27
28	5	11027	5	0	90	3		110 		27
28	6	12027	5	0	20	1		120 		27
28	6	12027	5	0	20	1		120 		27
28	6	12027	5	0	20	1		120 		27
28	7	10027	5	0	100	1		100 		27
28	7	10027	5	0	100	1		100 		27
28	7	10027	5	0	100	1		100 		27
28	8	10527	5	0	30	1		105 		27
28	8	10527	5	0	30	1		105 		27
28	8	10527	5	0	30	1		105 		27
28	9	11527	5	0	70	2		115 		27
28	9	11527	5	0	70	2		115 		27
28	9	11527	5	0	70	2		115 		27
28	10	11027	1	0	90	3		110 		27
28	10	11027	1	0	90	3		110 		27
28	10	11027	1	0	90	3		110 		27
29	1	12028	3	0	20	1		120 		28
29	1	12028	3	0	20	1		120 		28
29	1	12028	3	0	20	1		120 		28
29	2	10028	3	0	100	1		100 		28
29	2	10028	3	0	100	1		100 		28
29	2	10028	3	0	100	1		100 		28
29	3	10528	3	0	30	1		105 		28
29	3	10528	3	0	30	1		105 		28
29	3	10528	3	0	30	1		105 		28
29	4	11528	3	0	70	2		115 		28
29	4	11528	3	0	70	2		115 		28
29	4	11528	3	0	70	2		115 		28
29	5	11028	5	0	90	3		110 		28
29	5	11028	5	0	90	3		110 		28
29	5	11028	5	0	90	3		110 		28
29	6	12028	5	0	20	1		120 		28
29	6	12028	5	0	20	1		120 		28
29	6	12028	5	0	20	1		120 		28
29	7	10028	5	0	100	1		100 		28
29	7	10028	5	0	100	1		100 		28
29	7	10028	5	0	100	1		100 		28
29	8	10528	5	0	30	1		105 		28
29	8	10528	5	0	30	1		105 		28
29	8	10528	5	0	30	1		105 		28
29	9	11528	5	0	70	2		115 		28
29	9	11528	5	0	70	2		115 		28
29	9	11528	5	0	70	2		115 		28
29	10	11028	1	0	90	3		110 		28
29	10	11028	1	0	90	3		110 		28
29	10	11028	1	0	90	3		110 		28
30	1	12029	3	0	20	1		120 		29
30	1	12029	3	0	20	1		120 		29
30	1	12029	3	0	20	1		120 		29
30	2	10029	3	0	100	1		100 		29
30	2	10029	3	0	100	1		100 		29
30	2	10029	3	0	100	1		100 		29
30	3	10529	3	0	30	1		105 		29
30	3	10529	3	0	30	1		105 		29
30	3	10529	3	0	30	1		105 		29
30	4	11529	3	0	70	2		115 		29
30	4	11529	3	0	70	2		115 		29
30	4	11529	3	0	70	2		115 		29
30	5	11029	5	0	90	3		110 		29
30	5	11029	5	0	90	3		110 		29
30	5	11029	5	0	90	3		110 		29
30	6	12029	5	0	20	1		120 		29
30	6	12029	5	0	20	1		120 		29
30	6	12029	5	0	20	1		120 		29
30	7	10029	5	0	100	1		100 		29
30	7	10029	5	0	100	1		100 		29
30	7	10029	5	0	100	1		100 		29
30	8	10529	5	0	30	1		105 		29
30	8	10529	5	0	30	1		105 		29
30	8	10529	5	0	30	1		105 		29
30	9	11529	5	0	70	2		115 		29
30	9	11529	5	0	70	2		115 		29
30	9	11529	5	0	70	2		115 		29
30	10	11029	1	0	90	3		110 		29
30	10	11029	1	0	90	3		110 		29
30	10	11029	1	0	90	3		110 		29
31	1	12030	3	0	20	1		120 		30
31	1	12030	3	0	20	1		120 		30
31	1	12030	3	0	20	1		120 		30
31	2	10030	3	0	100	1		100 		30
31	2	10030	3	0	100	1		100 		30
31	2	10030	3	0	100	1		100 		30
31	3	10530	3	0	30	1		105 		30
31	3	10530	3	0	30	1		105 		30
31	3	10530	3	0	30	1		105 		30
31	4	11530	3	0	70	2		115 		30
31	4	11530	3	0	70	2		115 		30
31	4	11530	3	0	70	2		115 		30
31	5	11030	5	0	90	3		110 		30
31	5	11030	5	0	90	3		110 		30
31	5	11030	5	0	90	3		110 		30
31	6	12030	5	0	20	1		120 		30
31	6	12030	5	0	20	1		120 		30
31	6	12030	5	0	20	1		120 		30
31	7	10030	5	0	100	1		100 		30
31	7	10030	5	0	100	1		100 		30
31	7	10030	5	0	100	1		100 		30
31	8	10530	5	0	30	1		105 		30
31	8	10530	5	0	30	1		105 		30
31	8	10530	5	0	30	1		105 		30
31	9	11530	5	0	70	2		115 		30
31	9	11530	5	0	70	2		115 		30
31	9	11530	5	0	70	2		115 		30
31	10	11030	1	0	90	3		110 		30
31	10	11030	1	0	90	3		110 		30
31	10	11030	1	0	90	3		110 		30
32	1	12031	3	0	20	1		120 		31
32	1	12031	3	0	20	1		120 		31
32	1	12031	3	0	20	1		120 		31
32	2	10031	3	0	100	1		100 		31
32	2	10031	3	0	100	1		100 		31
32	2	10031	3	0	100	1		100 		31
32	3	10531	3	0	30	1		105 		31
32	3	10531	3	0	30	1		105 		31
32	3	10531	3	0	30	1		105 		31
32	4	11531	3	0	70	2		115 		31
32	4	11531	3	0	70	2		115 		31
32	4	11531	3	0	70	2		115 		31
32	5	11031	5	0	90	3		110 		31
32	5	11031	5	0	90	3		110 		31
32	5	11031	5	0	90	3		110 		31
32	6	12031	5	0	20	1		120 		31
32	6	12031	5	0	20	1		120 		31
32	6	12031	5	0	20	1		120 		31
32	7	10031	5	0	100	1		100 		31
32	7	10031	5	0	100	1		100 		31
32	7	10031	5	0	100	1		100 		31
32	8	10531	5	0	30	1		105 		31
32	8	10531	5	0	30	1		105 		31
32	8	10531	5	0	30	1		105 		31
32	9	11531	5	0	70	2		115 		31
32	9	11531	5	0	70	2		115 		31
32	9	11531	5	0	70	2		115 		31
32	10	11031	1	0	90	3		110 		31
32	10	11031	1	0	90	3		110 		31
32	10	11031	1	0	90	3		110 		31
33	1	12032	3	0	20	1		120 		32
33	1	12032	3	0	20	1		120 		32
33	1	12032	3	0	20	1		120 		32
33	2	10032	3	0	100	1		100 		32
33	2	10032	3	0	100	1		100 		32
33	2	10032	3	0	100	1		100 		32
33	3	10532	3	0	30	1		105 		32
33	3	10532	3	0	30	1		105 		32
33	3	10532	3	0	30	1		105 		32
33	4	11532	3	0	70	2		115 		32
33	4	11532	3	0	70	2		115 		32
33	4	11532	3	0	70	2		115 		32
33	5	11032	5	0	90	3		110 		32
33	5	11032	5	0	90	3		110 		32
33	5	11032	5	0	90	3		110 		32
33	6	12032	5	0	20	1		120 		32
33	6	12032	5	0	20	1		120 		32
33	6	12032	5	0	20	1		120 		32
33	7	10032	5	0	100	1		100 		32
33	7	10032	5	0	100	1		100 		32
33	7	10032	5	0	100	1		100 		32
33	8	10532	5	0	30	1		105 		32
33	8	10532	5	0	30	1		105 		32
33	8	10532	5	0	30	1		105 		32
33	9	11532	5	0	70	2		115 		32
33	9	11532	5	0	70	2		115 		32
33	9	11532	5	0	70	2		115 		32
33	10	11032	1	0	90	3		110 		32
33	10	11032	1	0	90	3		110 		32
33	10	11032	1	0	90	3		110 		32
34	1	12033	3	0	20	1		120 		33
34	1	12033	3	0	20	1		120 		33
34	1	12033	3	0	20	1		120 		33
34	2	10033	3	0	100	1		100 		33
34	2	10033	3	0	100	1		100 		33
34	2	10033	3	0	100	1		100 		33
34	3	10533	3	0	30	1		105 		33
34	3	10533	3	0	30	1		105 		33
34	3	10533	3	0	30	1		105 		33
34	4	11533	3	0	70	2		115 		33
34	4	11533	3	0	70	2		115 		33
34	4	11533	3	0	70	2		115 		33
34	5	11033	5	0	90	3		110 		33
34	5	11033	5	0	90	3		110 		33
34	5	11033	5	0	90	3		110 		33
34	6	12033	5	0	20	1		120 		33
34	6	12033	5	0	20	1		120 		33
34	6	12033	5	0	20	1		120 		33
34	7	10033	5	0	100	1		100 		33
34	7	10033	5	0	100	1		100 		33
34	7	10033	5	0	100	1		100 		33
34	8	10533	5	0	30	1		105 		33
34	8	10533	5	0	30	1		105 		33
34	8	10533	5	0	30	1		105 		33
34	9	11533	5	0	70	2		115 		33
34	9	11533	5	0	70	2		115 		33
34	9	11533	5	0	70	2		115 		33
34	10	11033	1	0	90	3		110 		33
34	10	11033	1	0	90	3		110 		33
34	10	11033	1	0	90	3		110 		33
35	1	12034	3	0	20	1		120 		34
35	1	12034	3	0	20	1		120 		34
35	1	12034	3	0	20	1		120 		34
35	2	10034	3	0	100	1		100 		34
35	2	10034	3	0	100	1		100 		34
35	2	10034	3	0	100	1		100 		34
35	3	10534	3	0	30	1		105 		34
35	3	10534	3	0	30	1		105 		34
35	3	10534	3	0	30	1		105 		34
35	4	11534	3	0	70	2		115 		34
35	4	11534	3	0	70	2		115 		34
35	4	11534	3	0	70	2		115 		34
35	5	11034	5	0	90	3		110 		34
35	5	11034	5	0	90	3		110 		34
35	5	11034	5	0	90	3		110 		34
35	6	12034	5	0	20	1		120 		34
35	6	12034	5	0	20	1		120 		34
35	6	12034	5	0	20	1		120 		34
35	7	10034	5	0	100	1		100 		34
35	7	10034	5	0	100	1		100 		34
35	7	10034	5	0	100	1		100 		34
35	8	10534	5	0	30	1		105 		34
35	8	10534	5	0	30	1		105 		34
35	8	10534	5	0	30	1		105 		34
35	9	11534	5	0	70	2		115 		34
35	9	11534	5	0	70	2		115 		34
35	9	11534	5	0	70	2		115 		34
35	10	11034	1	0	90	3		110 		34
35	10	11034	1	0	90	3		110 		34
35	10	11034	1	0	90	3		110 		34
36	1	12035	3	0	20	1		120 		35
36	1	12035	3	0	20	1		120 		35
36	1	12035	3	0	20	1		120 		35
36	2	10035	3	0	100	1		100 		35
36	2	10035	3	0	100	1		100 		35
36	2	10035	3	0	100	1		100 		35
36	3	10535	3	0	30	1		105 		35
36	3	10535	3	0	30	1		105 		35
36	3	10535	3	0	30	1		105 		35
36	4	11535	3	0	70	2		115 		35
36	4	11535	3	0	70	2		115 		35
36	4	11535	3	0	70	2		115 		35
36	5	11035	5	0	90	3		110 		35
36	5	11035	5	0	90	3		110 		35
36	5	11035	5	0	90	3		110 		35
36	6	12035	5	0	20	1		120 		35
36	6	12035	5	0	20	1		120 		35
36	6	12035	5	0	20	1		120 		35
36	7	10035	5	0	100	1		100 		35
36	7	10035	5	0	100	1		100 		35
36	7	10035	5	0	100	1		100 		35
36	8	10535	5	0	30	1		105 		35
36	8	10535	5	0	30	1		105 		35
36	8	10535	5	0	30	1		105 		35
36	9	11535	5	0	70	2		115 		35
36	9	11535	5	0	70	2		115 		35
36	9	11535	5	0	70	2		115 		35
36	10	11035	1	0	90	3		110 		35
36	10	11035	1	0	90	3		110 		35
36	10	11035	1	0	90	3		110 		35
37	1	12036	3	0	20	1		120 		36
37	1	12036	3	0	20	1		120 		36
37	1	12036	3	0	20	1		120 		36
37	2	10036	3	0	100	1		100 		36
37	2	10036	3	0	100	1		100 		36
37	2	10036	3	0	100	1		100 		36
37	3	10536	3	0	30	1		105 		36
37	3	10536	3	0	30	1		105 		36
37	3	10536	3	0	30	1		105 		36
37	4	11536	3	0	70	2		115 		36
37	4	11536	3	0	70	2		115 		36
37	4	11536	3	0	70	2		115 		36
37	5	11036	5	0	90	3		110 		36
37	5	11036	5	0	90	3		110 		36
37	5	11036	5	0	90	3		110 		36
37	6	12036	5	0	20	1		120 		36
37	6	12036	5	0	20	1		120 		36
37	6	12036	5	0	20	1		120 		36
37	7	10036	5	0	100	1		100 		36
37	7	10036	5	0	100	1		100 		36
37	7	10036	5	0	100	1		100 		36
37	8	10536	5	0	30	1		105 		36
37	8	10536	5	0	30	1		105 		36
37	8	10536	5	0	30	1		105 		36
37	9	11536	5	0	70	2		115 		36
37	9	11536	5	0	70	2		115 		36
37	9	11536	5	0	70	2		115 		36
37	10	11036	1	0	90	3		110 		36
37	10	11036	1	0	90	3		110 		36
37	10	11036	1	0	90	3		110 		36
38	1	12037	3	0	20	1		120 		37
38	1	12037	3	0	20	1		120 		37
38	1	12037	3	0	20	1		120 		37
38	2	10037	3	0	100	1		100 		37
38	2	10037	3	0	100	1		100 		37
38	2	10037	3	0	100	1		100 		37
38	3	10537	3	0	30	1		105 		37
38	3	10537	3	0	30	1		105 		37
38	3	10537	3	0	30	1		105 		37
38	4	11537	3	0	70	2		115 		37
38	4	11537	3	0	70	2		115 		37
38	4	11537	3	0	70	2		115 		37
38	5	11037	5	0	90	3		110 		37
38	5	11037	5	0	90	3		110 		37
38	5	11037	5	0	90	3		110 		37
38	6	12037	5	0	20	1		120 		37
38	6	12037	5	0	20	1		120 		37
38	6	12037	5	0	20	1		120 		37
38	7	10037	5	0	100	1		100 		37
38	7	10037	5	0	100	1		100 		37
38	7	10037	5	0	100	1		100 		37
38	8	10537	5	0	30	1		105 		37
38	8	10537	5	0	30	1		105 		37
38	8	10537	5	0	30	1		105 		37
38	9	11537	5	0	70	2		115 		37
38	9	11537	5	0	70	2		115 		37
38	9	11537	5	0	70	2		115 		37
38	10	11037	1	0	90	3		110 		37
38	10	11037	1	0	90	3		110 		37
38	10	11037	1	0	90	3		110 		37
39	1	12038	3	0	20	1		120 		38
39	1	12038	3	0	20	1		120 		38
39	1	12038	3	0	20	1		120 		38
39	2	10038	3	0	100	1		100 		38
39	2	10038	3	0	100	1		100 		38
39	2	10038	3	0	100	1		100 		38
39	3	10538	3	0	30	1		105 		38
39	3	10538	3	0	30	1		105 		38
39	3	10538	3	0	30	1		105 		38
39	4	11538	3	0	70	2		115 		38
39	4	11538	3	0	70	2		115 		38
39	4	11538	3	0	70	2		115 		38
39	5	11038	5	0	90	3		110 		38
39	5	11038	5	0	90	3		110 		38
39	5	11038	5	0	90	3		110 		38
39	6	12038	5	0	20	1		120 		38
39	6	12038	5	0	20	1		120 		38
39	6	12038	5	0	20	1		120 		38
39	7	10038	5	0	100	1		100 		38
39	7	10038	5	0	100	1		100 		38
39	7	10038	5	0	100	1		100 		38
39	8	10538	5	0	30	1		105 		38
39	8	10538	5	0	30	1		105 		38
39	8	10538	5	0	30	1		105 		38
39	9	11538	5	0	70	2		115 		38
39	9	11538	5	0	70	2		115 		38
39	9	11538	5	0	70	2		115 		38
39	10	11038	1	0	90	3		110 		38
39	10	11038	1	0	90	3		110 		38
39	10	11038	1	0	90	3		110 		38
40	1	12039	3	0	20	1		120 		39
40	1	12039	3	0	20	1		120 		39
40	1	12039	3	0	20	1		120 		39
40	2	10039	3	0	100	1		100 		39
40	2	10039	3	0	100	1		100 		39
40	2	10039	3	0	100	1		100 		39
40	3	10539	3	0	30	1		105 		39
40	3	10539	3	0	30	1		105 		39
40	3	10539	3	0	30	1		105 		39
40	4	11539	3	0	70	2		115 		39
40	4	11539	3	0	70	2		115 		39
40	4	11539	3	0	70	2		115 		39
40	5	11039	5	0	90	3		110 		39
40	5	11039	5	0	90	3		110 		39
40	5	11039	5	0	90	3		110 		39
40	6	12039	5	0	20	1		120 		39
40	6	12039	5	0	20	1		120 		39
40	6	12039	5	0	20	1		120 		39
40	7	10039	5	0	100	1		100 		39
40	7	10039	5	0	100	1		100 		39
40	7	10039	5	0	100	1		100 		39
40	8	10539	5	0	30	1		105 		39
40	8	10539	5	0	30	1		105 		39
40	8	10539	5	0	30	1		105 		39
40	9	11539	5	0	70	2		115 		39
40	9	11539	5	0	70	2		115 		39
40	9	11539	5	0	70	2		115 		39
40	10	11039	1	0	90	3		110 		39
40	10	11039	1	0	90	3		110 		39
40	10	11039	1	0	90	3		110 		39
41	1	12040	3	0	20	1		120 		40
41	1	12040	3	0	20	1		120 		40
41	1	12040	3	0	20	1		120 		40
41	2	10040	3	0	100	1		100 		40
41	2	10040	3	0	100	1		100 		40
41	2	10040	3	0	100	1		100 		40
41	3	10540	3	0	30	1		105 		40
41	3	10540	3	0	30	1		105 		40
41	3	10540	3	0	30	1		105 		40
41	4	11540	3	0	70	2		115 		40
41	4	11540	3	0	70	2		115 		40
41	4	11540	3	0	70	2		115 		40
41	5	11040	5	0	90	3		110 		40
41	5	11040	5	0	90	3		110 		40
41	5	11040	5	0	90	3		110 		40
41	6	12040	5	0	20	1		120 		40
41	6	12040	5	0	20	1		120 		40
41	6	12040	5	0	20	1		120 		40
41	7	10040	5	0	100	1		100 		40
41	7	10040	5	0	100	1		100 		40
41	7	10040	5	0	100	1		100 		40
41	8	10540	5	0	30	1		105 		40
41	8	10540	5	0	30	1		105 		40
41	8	10540	5	0	30	1		105 		40
41	9	11540	5	0	70	2		115 		40
41	9	11540	5	0	70	2		115 		40
41	9	11540	5	0	70	2		115 		40
41	10	11040	1	0	90	3		110 		40
41	10	11040	1	0	90	3		110 		40
41	10	11040	1	0	90	3		110 		40
42	1	12041	3	0	20	1		120 		41
42	1	12041	3	0	20	1		120 		41
42	1	12041	3	0	20	1		120 		41
42	2	10041	3	0	100	1		100 		41
42	2	10041	3	0	100	1		100 		41
42	2	10041	3	0	100	1		100 		41
42	3	10541	3	0	30	1		105 		41
42	3	10541	3	0	30	1		105 		41
42	3	10541	3	0	30	1		105 		41
42	4	11541	3	0	70	2		115 		41
42	4	11541	3	0	70	2		115 		41
42	4	11541	3	0	70	2		115 		41
42	5	11041	5	0	90	3		110 		41
42	5	11041	5	0	90	3		110 		41
42	5	11041	5	0	90	3		110 		41
42	6	12041	5	0	20	1		120 		41
42	6	12041	5	0	20	1		120 		41
42	6	12041	5	0	20	1		120 		41
42	7	10041	5	0	100	1		100 		41
42	7	10041	5	0	100	1		100 		41
42	7	10041	5	0	100	1		100 		41
42	8	10541	5	0	30	1		105 		41
42	8	10541	5	0	30	1		105 		41
42	8	10541	5	0	30	1		105 		41
42	9	11541	5	0	70	2		115 		41
42	9	11541	5	0	70	2		115 		41
42	9	11541	5	0	70	2		115 		41
42	10	11041	1	0	90	3		110 		41
42	10	11041	1	0	90	3		110 		41
42	10	11041	1	0	90	3		110 		41
43	1	12042	3	0	20	1		120 		42
43	1	12042	3	0	20	1		120 		42
43	1	12042	3	0	20	1		120 		42
43	2	10042	3	0	100	1		100 		42
43	2	10042	3	0	100	1		100 		42
43	2	10042	3	0	100	1		100 		42
43	3	10542	3	0	30	1		105 		42
43	3	10542	3	0	30	1		105 		42
43	3	10542	3	0	30	1		105 		42
43	4	11542	3	0	70	2		115 		42
43	4	11542	3	0	70	2		115 		42
43	4	11542	3	0	70	2		115 		42
43	5	11042	5	0	90	3		110 		42
43	5	11042	5	0	90	3		110 		42
43	5	11042	5	0	90	3		110 		42
43	6	12042	5	0	20	1		120 		42
43	6	12042	5	0	20	1		120 		42
43	6	12042	5	0	20	1		120 		42
43	7	10042	5	0	100	1		100 		42
43	7	10042	5	0	100	1		100 		42
43	7	10042	5	0	100	1		100 		42
43	8	10542	5	0	30	1		105 		42
43	8	10542	5	0	30	1		105 		42
43	8	10542	5	0	30	1		105 		42
43	9	11542	5	0	70	2		115 		42
43	9	11542	5	0	70	2		115 		42
43	9	11542	5	0	70	2		115 		42
43	10	11042	1	0	90	3		110 		42
43	10	11042	1	0	90	3		110 		42
43	10	11042	1	0	90	3		110 		42
44	1	12043	3	0	20	1		120 		43
44	1	12043	3	0	20	1		120 		43
44	1	12043	3	0	20	1		120 		43
44	2	10043	3	0	100	1		100 		43
44	2	10043	3	0	100	1		100 		43
44	2	10043	3	0	100	1		100 		43
44	3	10543	3	0	30	1		105 		43
44	3	10543	3	0	30	1		105 		43
44	3	10543	3	0	30	1		105 		43
44	4	11543	3	0	70	2		115 		43
44	4	11543	3	0	70	2		115 		43
44	4	11543	3	0	70	2		115 		43
44	5	11043	5	0	90	3		110 		43
44	5	11043	5	0	90	3		110 		43
44	5	11043	5	0	90	3		110 		43
44	6	12043	5	0	20	1		120 		43
44	6	12043	5	0	20	1		120 		43
44	6	12043	5	0	20	1		120 		43
44	7	10043	5	0	100	1		100 		43
44	7	10043	5	0	100	1		100 		43
44	7	10043	5	0	100	1		100 		43
44	8	10543	5	0	30	1		105 		43
44	8	10543	5	0	30	1		105 		43
44	8	10543	5	0	30	1		105 		43
44	9	11543	5	0	70	2		115 		43
44	9	11543	5	0	70	2		115 		43
44	9	11543	5	0	70	2		115 		43
44	10	11043	1	0	90	3		110 		43
44	10	11043	1	0	90	3		110 		43
44	10	11043	1	0	90	3		110 		43
45	1	12044	3	0	20	1		120 		44
45	1	12044	3	0	20	1		120 		44
45	1	12044	3	0	20	1		120 		44
45	2	10044	3	0	100	1		100 		44
45	2	10044	3	0	100	1		100 		44
45	2	10044	3	0	100	1		100 		44
45	3	10544	3	0	30	1		105 		44
45	3	10544	3	0	30	1		105 		44
45	3	10544	3	0	30	1		105 		44
45	4	11544	3	0	70	2		115 		44
45	4	11544	3	0	70	2		115 		44
45	4	11544	3	0	70	2		115 		44
45	5	11044	5	0	90	3		110 		44
45	5	11044	5	0	90	3		110 		44
45	5	11044	5	0	90	3		110 		44
45	6	12044	5	0	20	1		120 		44
45	6	12044	5	0	20	1		120 		44
45	6	12044	5	0	20	1		120 		44
45	7	10044	5	0	100	1		100 		44
45	7	10044	5	0	100	1		100 		44
45	7	10044	5	0	100	1		100 		44
45	8	10544	5	0	30	1		105 		44
45	8	10544	5	0	30	1		105 		44
45	8	10544	5	0	30	1		105 		44
45	9	11544	5	0	70	2		115 		44
45	9	11544	5	0	70	2		115 		44
45	9	11544	5	0	70	2		115 		44
45	10	11044	1	0	90	3		110 		44
45	10	11044	1	0	90	3		110 		44
45	10	11044	1	0	90	3		110 		44
46	1	12045	3	0	20	1		120 		45
46	1	12045	3	0	20	1		120 		45
46	1	12045	3	0	20	1		120 		45
46	2	10045	3	0	100	1		100 		45
46	2	10045	3	0	100	1		100 		45
46	2	10045	3	0	100	1		100 		45
46	3	10545	3	0	30	1		105 		45
46	3	10545	3	0	30	1		105 		45
46	3	10545	3	0	30	1		105 		45
46	4	11545	3	0	70	2		115 		45
46	4	11545	3	0	70	2		115 		45
46	4	11545	3	0	70	2		115 		45
46	5	11045	5	0	90	3		110 		45
46	5	11045	5	0	90	3		110 		45
46	5	11045	5	0	90	3		110 		45
46	6	12045	5	0	20	1		120 		45
46	6	12045	5	0	20	1		120 		45
46	6	12045	5	0	20	1		120 		45
46	7	10045	5	0	100	1		100 		45
46	7	10045	5	0	100	1		100 		45
46	7	10045	5	0	100	1		100 		45
46	8	10545	5	0	30	1		105 		45
46	8	10545	5	0	30	1		105 		45
46	8	10545	5	0	30	1		105 		45
46	9	11545	5	0	70	2		115 		45
46	9	11545	5	0	70	2		115 		45
46	9	11545	5	0	70	2		115 		45
46	10	11045	1	0	90	3		110 		45
46	10	11045	1	0	90	3		110 		45
46	10	11045	1	0	90	3		110 		45
47	1	12046	3	0	20	1		120 		46
47	1	12046	3	0	20	1		120 		46
47	1	12046	3	0	20	1		120 		46
47	2	10046	3	0	100	1		100 		46
47	2	10046	3	0	100	1		100 		46
47	2	10046	3	0	100	1		100 		46
47	3	10546	3	0	30	1		105 		46
47	3	10546	3	0	30	1		105 		46
47	3	10546	3	0	30	1		105 		46
47	4	11546	3	0	70	2		115 		46
47	4	11546	3	0	70	2		115 		46
47	4	11546	3	0	70	2		115 		46
47	5	11046	5	0	90	3		110 		46
47	5	11046	5	0	90	3		110 		46
47	5	11046	5	0	90	3		110 		46
47	6	12046	5	0	20	1		120 		46
47	6	12046	5	0	20	1		120 		46
47	6	12046	5	0	20	1		120 		46
47	7	10046	5	0	100	1		100 		46
47	7	10046	5	0	100	1		100 		46
47	7	10046	5	0	100	1		100 		46
47	8	10546	5	0	30	1		105 		46
47	8	10546	5	0	30	1		105 		46
47	8	10546	5	0	30	1		105 		46
47	9	11546	5	0	70	2		115 		46
47	9	11546	5	0	70	2		115 		46
47	9	11546	5	0	70	2		115 		46
47	10	11046	1	0	90	3		110 		46
47	10	11046	1	0	90	3		110 		46
47	10	11046	1	0	90	3		110 		46
48	1	12047	3	0	20	1		120 		47
48	1	12047	3	0	20	1		120 		47
48	1	12047	3	0	20	1		120 		47
48	2	10047	3	0	100	1		100 		47
48	2	10047	3	0	100	1		100 		47
48	2	10047	3	0	100	1		100 		47
48	3	10547	3	0	30	1		105 		47
48	3	10547	3	0	30	1		105 		47
48	3	10547	3	0	30	1		105 		47
48	4	11547	3	0	70	2		115 		47
48	4	11547	3	0	70	2		115 		47
48	4	11547	3	0	70	2		115 		47
48	5	11047	5	0	90	3		110 		47
48	5	11047	5	0	90	3		110 		47
48	5	11047	5	0	90	3		110 		47
48	6	12047	5	0	20	1		120 		47
48	6	12047	5	0	20	1		120 		47
48	6	12047	5	0	20	1		120 		47
48	7	10047	5	0	100	1		100 		47
48	7	10047	5	0	100	1		100 		47
48	7	10047	5	0	100	1		100 		47
48	8	10547	5	0	30	1		105 		47
48	8	10547	5	0	30	1		105 		47
48	8	10547	5	0	30	1		105 		47
48	9	11547	5	0	70	2		115 		47
48	9	11547	5	0	70	2		115 		47
48	9	11547	5	0	70	2		115 		47
48	10	11047	1	0	90	3		110 		47
48	10	11047	1	0	90	3		110 		47
48	10	11047	1	0	90	3		110 		47
49	1	12048	3	0	20	1		120 		48
49	1	12048	3	0	20	1		120 		48
49	1	12048	3	0	20	1		120 		48
49	2	10048	3	0	100	1		100 		48
49	2	10048	3	0	100	1		100 		48
49	2	10048	3	0	100	1		100 		48
49	3	10548	3	0	30	1		105 		48
49	3	10548	3	0	30	1		105 		48
49	3	10548	3	0	30	1		105 		48
49	4	11548	3	0	70	2		115 		48
49	4	11548	3	0	70	2		115 		48
49	4	11548	3	0	70	2		115 		48
49	5	11048	5	0	90	3		110 		48
49	5	11048	5	0	90	3		110 		48
49	5	11048	5	0	90	3		110 		48
49	6	12048	5	0	20	1		120 		48
49	6	12048	5	0	20	1		120 		48
49	6	12048	5	0	20	1		120 		48
49	7	10048	5	0	100	1		100 		48
49	7	10048	5	0	100	1		100 		48
49	7	10048	5	0	100	1		100 		48
49	8	10548	5	0	30	1		105 		48
49	8	10548	5	0	30	1		105 		48
49	8	10548	5	0	30	1		105 		48
49	9	11548	5	0	70	2		115 		48
49	9	11548	5	0	70	2		115 		48
49	9	11548	5	0	70	2		115 		48
49	10	11048	1	0	90	3		110 		48
49	10	11048	1	0	90	3		110 		48
49	10	11048	1	0	90	3		110 		48
50	1	12049	3	0	20	1		120 		49
50	1	12049	3	0	20	1		120 		49
50	1	12049	3	0	20	1		120 		49
50	2	10049	3	0	100	1		100 		49
50	2	10049	3	0	100	1		100 		49
50	2	10049	3	0	100	1		100 		49
50	3	10549	3	0	30	1		105 		49
50	3	10549	3	0	30	1		105 		49
50	3	10549	3	0	30	1		105 		49
50	4	11549	3	0	70	2		115 		49
50	4	11549	3	0	70	2		115 		49
50	4	11549	3	0	70	2		115 		49
50	5	11049	5	0	90	3		110 		49
50	5	11049	5	0	90	3		110 		49
50	5	11049	5	0	90	3		110 		49
50	6	12049	5	0	20	1		120 		49
50	6	12049	5	0	20	1		120 		49
50	6	12049	5	0	20	1		120 		49
50	7	10049	5	0	100	1		100 		49
50	7	10049	5	0	100	1		100 		49
50	7	10049	5	0	100	1		100 		49
50	8	10549	5	0	30	1		105 		49
50	8	10549	5	0	30	1		105 		49
50	8	10549	5	0	30	1		105 		49
50	9	11549	5	0	70	2		115 		49
50	9	11549	5	0	70	2		115 		49
50	9	11549	5	0	70	2		115 		49
50	10	11049	1	0	90	3		110 		49
50	10	11049	1	0	90	3		110 		49
50	10	11049	1	0	90	3		110 		49
51	1	12050	3	0	20	1		120 		50
51	1	12050	3	0	20	1		120 		50
51	1	12050	3	0	20	1		120 		50
51	2	10050	3	0	100	1		100 		50
51	2	10050	3	0	100	1		100 		50
51	2	10050	3	0	100	1		100 		50
51	3	10550	3	0	30	1		105 		50
51	3	10550	3	0	30	1		105 		50
51	3	10550	3	0	30	1		105 		50
51	4	11550	3	0	70	2		115 		50
51	4	11550	3	0	70	2		115 		50
51	4	11550	3	0	70	2		115 		50
51	5	11050	5	0	90	3		110 		50
51	5	11050	5	0	90	3		110 		50
51	5	11050	5	0	90	3		110 		50
51	6	12050	5	0	20	1		120 		50
51	6	12050	5	0	20	1		120 		50
51	6	12050	5	0	20	1		120 		50
51	7	10050	5	0	100	1		100 		50
51	7	10050	5	0	100	1		100 		50
51	7	10050	5	0	100	1		100 		50
51	8	10550	5	0	30	1		105 		50
51	8	10550	5	0	30	1		105 		50
51	8	10550	5	0	30	1		105 		50
51	9	11550	5	0	70	2		115 		50
51	9	11550	5	0	70	2		115 		50
51	9	11550	5	0	70	2		115 		50
51	10	11050	1	0	90	3		110 		50
51	10	11050	1	0	90	3		110 		50
51	10	11050	1	0	90	3		110 		50
52	1	12051	3	0	20	1		120 		51
52	1	12051	3	0	20	1		120 		51
52	1	12051	3	0	20	1		120 		51
52	2	10051	3	0	100	1		100 		51
52	2	10051	3	0	100	1		100 		51
52	2	10051	3	0	100	1		100 		51
52	3	10551	3	0	30	1		105 		51
52	3	10551	3	0	30	1		105 		51
52	3	10551	3	0	30	1		105 		51
52	4	11551	3	0	70	2		115 		51
52	4	11551	3	0	70	2		115 		51
52	4	11551	3	0	70	2		115 		51
52	5	11051	5	0	90	3		110 		51
52	5	11051	5	0	90	3		110 		51
52	5	11051	5	0	90	3		110 		51
52	6	12051	5	0	20	1		120 		51
52	6	12051	5	0	20	1		120 		51
52	6	12051	5	0	20	1		120 		51
52	7	10051	5	0	100	1		100 		51
52	7	10051	5	0	100	1		100 		51
52	7	10051	5	0	100	1		100 		51
52	8	10551	5	0	30	1		105 		51
52	8	10551	5	0	30	1		105 		51
52	8	10551	5	0	30	1		105 		51
52	9	11551	5	0	70	2		115 		51
52	9	11551	5	0	70	2		115 		51
52	9	11551	5	0	70	2		115 		51
52	10	11051	1	0	90	3		110 		51
52	10	11051	1	0	90	3		110 		51
52	10	11051	1	0	90	3		110 		51
53	1	12052	3	0	20	1		120 		52
53	1	12052	3	0	20	1		120 		52
53	1	12052	3	0	20	1		120 		52
53	2	10052	3	0	100	1		100 		52
53	2	10052	3	0	100	1		100 		52
53	2	10052	3	0	100	1		100 		52
53	3	10552	3	0	30	1		105 		52
53	3	10552	3	0	30	1		105 		52
53	3	10552	3	0	30	1		105 		52
53	4	11552	3	0	70	2		115 		52
53	4	11552	3	0	70	2		115 		52
53	4	11552	3	0	70	2		115 		52
53	5	11052	5	0	90	3		110 		52
53	5	11052	5	0	90	3		110 		52
53	5	11052	5	0	90	3		110 		52
53	6	12052	5	0	20	1		120 		52
53	6	12052	5	0	20	1		120 		52
53	6	12052	5	0	20	1		120 		52
53	7	10052	5	0	100	1		100 		52
53	7	10052	5	0	100	1		100 		52
53	7	10052	5	0	100	1		100 		52
53	8	10552	5	0	30	1		105 		52
53	8	10552	5	0	30	1		105 		52
53	8	10552	5	0	30	1		105 		52
53	9	11552	5	0	70	2		115 		52
53	9	11552	5	0	70	2		115 		52
53	9	11552	5	0	70	2		115 		52
53	10	11052	1	0	90	3		110 		52
53	10	11052	1	0	90	3		110 		52
53	10	11052	1	0	90	3		110 		52
54	1	12053	3	0	20	1		120 		53
54	1	12053	3	0	20	1		120 		53
54	1	12053	3	0	20	1		120 		53
54	2	10053	3	0	100	1		100 		53
54	2	10053	3	0	100	1		100 		53
54	2	10053	3	0	100	1		100 		53
54	3	10553	3	0	30	1		105 		53
54	3	10553	3	0	30	1		105 		53
54	3	10553	3	0	30	1		105 		53
54	4	11553	3	0	70	2		115 		53
54	4	11553	3	0	70	2		115 		53
54	4	11553	3	0	70	2		115 		53
54	5	11053	5	0	90	3		110 		53
54	5	11053	5	0	90	3		110 		53
54	5	11053	5	0	90	3		110 		53
54	6	12053	5	0	20	1		120 		53
54	6	12053	5	0	20	1		120 		53
54	6	12053	5	0	20	1		120 		53
54	7	10053	5	0	100	1		100 		53
54	7	10053	5	0	100	1		100 		53
54	7	10053	5	0	100	1		100 		53
54	8	10553	5	0	30	1		105 		53
54	8	10553	5	0	30	1		105 		53
54	8	10553	5	0	30	1		105 		53
54	9	11553	5	0	70	2		115 		53
54	9	11553	5	0	70	2		115 		53
54	9	11553	5	0	70	2		115 		53
54	10	11053	1	0	90	3		110 		53
54	10	11053	1	0	90	3		110 		53
54	10	11053	1	0	90	3		110 		53
55	1	12054	3	0	20	1		120 		54
55	1	12054	3	0	20	1		120 		54
55	1	12054	3	0	20	1		120 		54
55	2	10054	3	0	100	1		100 		54
55	2	10054	3	0	100	1		100 		54
55	2	10054	3	0	100	1		100 		54
55	3	10554	3	0	30	1		105 		54
55	3	10554	3	0	30	1		105 		54
55	3	10554	3	0	30	1		105 		54
55	4	11554	3	0	70	2		115 		54
55	4	11554	3	0	70	2		115 		54
55	4	11554	3	0	70	2		115 		54
55	5	11054	5	0	90	3		110 		54
55	5	11054	5	0	90	3		110 		54
55	5	11054	5	0	90	3		110 		54
55	6	12054	5	0	20	1		120 		54
55	6	12054	5	0	20	1		120 		54
55	6	12054	5	0	20	1		120 		54
55	7	10054	5	0	100	1		100 		54
55	7	10054	5	0	100	1		100 		54
55	7	10054	5	0	100	1		100 		54
55	8	10554	5	0	30	1		105 		54
55	8	10554	5	0	30	1		105 		54
55	8	10554	5	0	30	1		105 		54
55	9	11554	5	0	70	2		115 		54
55	9	11554	5	0	70	2		115 		54
55	9	11554	5	0	70	2		115 		54
55	10	11054	1	0	90	3		110 		54
55	10	11054	1	0	90	3		110 		54
55	10	11054	1	0	90	3		110 		54
56	1	12055	3	0	20	1		120 		55
56	1	12055	3	0	20	1		120 		55
56	1	12055	3	0	20	1		120 		55
56	2	10055	3	0	100	1		100 		55
56	2	10055	3	0	100	1		100 		55
56	2	10055	3	0	100	1		100 		55
56	3	10555	3	0	30	1		105 		55
56	3	10555	3	0	30	1		105 		55
56	3	10555	3	0	30	1		105 		55
56	4	11555	3	0	70	2		115 		55
56	4	11555	3	0	70	2		115 		55
56	4	11555	3	0	70	2		115 		55
56	5	11055	5	0	90	3		110 		55
56	5	11055	5	0	90	3		110 		55
56	5	11055	5	0	90	3		110 		55
56	6	12055	5	0	20	1		120 		55
56	6	12055	5	0	20	1		120 		55
56	6	12055	5	0	20	1		120 		55
56	7	10055	5	0	100	1		100 		55
56	7	10055	5	0	100	1		100 		55
56	7	10055	5	0	100	1		100 		55
56	8	10555	5	0	30	1		105 		55
56	8	10555	5	0	30	1		105 		55
56	8	10555	5	0	30	1		105 		55
56	9	11555	5	0	70	2		115 		55
56	9	11555	5	0	70	2		115 		55
56	9	11555	5	0	70	2		115 		55
56	10	11055	1	0	90	3		110 		55
56	10	11055	1	0	90	3		110 		55
56	10	11055	1	0	90	3		110 		55
57	1	12056	3	0	20	1		120 		56
57	1	12056	3	0	20	1		120 		56
57	1	12056	3	0	20	1		120 		56
57	2	10056	3	0	100	1		100 		56
57	2	10056	3	0	100	1		100 		56
57	2	10056	3	0	100	1		100 		56
57	3	10556	3	0	30	1		105 		56
57	3	10556	3	0	30	1		105 		56
57	3	10556	3	0	30	1		105 		56
57	4	11556	3	0	70	2		115 		56
57	4	11556	3	0	70	2		115 		56
57	4	11556	3	0	70	2		115 		56
57	5	11056	5	0	90	3		110 		56
57	5	11056	5	0	90	3		110 		56
57	5	11056	5	0	90	3		110 		56
57	6	12056	5	0	20	1		120 		56
57	6	12056	5	0	20	1		120 		56
57	6	12056	5	0	20	1		120 		56
57	7	10056	5	0	100	1		100 		56
57	7	10056	5	0	100	1		100 		56
57	7	10056	5	0	100	1		100 		56
57	8	10556	5	0	30	1		105 		56
57	8	10556	5	0	30	1		105 		56
57	8	10556	5	0	30	1		105 		56
57	9	11556	5	0	70	2		115 		56
57	9	11556	5	0	70	2		115 		56
57	9	11556	5	0	70	2		115 		56
57	10	11056	1	0	90	3		110 		56
57	10	11056	1	0	90	3		110 		56
57	10	11056	1	0	90	3		110 		56
58	1	12057	3	0	20	1		120 		57
58	1	12057	3	0	20	1		120 		57
58	1	12057	3	0	20	1		120 		57
58	2	10057	3	0	100	1		100 		57
58	2	10057	3	0	100	1		100 		57
58	2	10057	3	0	100	1		100 		57
58	3	10557	3	0	30	1		105 		57
58	3	10557	3	0	30	1		105 		57
58	3	10557	3	0	30	1		105 		57
58	4	11557	3	0	70	2		115 		57
58	4	11557	3	0	70	2		115 		57
58	4	11557	3	0	70	2		115 		57
58	5	11057	5	0	90	3		110 		57
58	5	11057	5	0	90	3		110 		57
58	5	11057	5	0	90	3		110 		57
58	6	12057	5	0	20	1		120 		57
58	6	12057	5	0	20	1		120 		57
58	6	12057	5	0	20	1		120 		57
58	7	10057	5	0	100	1		100 		57
58	7	10057	5	0	100	1		100 		57
58	7	10057	5	0	100	1		100 		57
58	8	10557	5	0	30	1		105 		57
58	8	10557	5	0	30	1		105 		57
58	8	10557	5	0	30	1		105 		57
58	9	11557	5	0	70	2		115 		57
58	9	11557	5	0	70	2		115 		57
58	9	11557	5	0	70	2		115 		57
58	10	11057	1	0	90	3		110 		57
58	10	11057	1	0	90	3		110 		57
58	10	11057	1	0	90	3		110 		57
59	1	12058	3	0	20	1		120 		58
59	1	12058	3	0	20	1		120 		58
59	1	12058	3	0	20	1		120 		58
59	2	10058	3	0	100	1		100 		58
59	2	10058	3	0	100	1		100 		58
59	2	10058	3	0	100	1		100 		58
59	3	10558	3	0	30	1		105 		58
59	3	10558	3	0	30	1		105 		58
59	3	10558	3	0	30	1		105 		58
59	4	11558	3	0	70	2		115 		58
59	4	11558	3	0	70	2		115 		58
59	4	11558	3	0	70	2		115 		58
59	5	11058	5	0	90	3		110 		58
59	5	11058	5	0	90	3		110 		58
59	5	11058	5	0	90	3		110 		58
59	6	12058	5	0	20	1		120 		58
59	6	12058	5	0	20	1		120 		58
59	6	12058	5	0	20	1		120 		58
59	7	10058	5	0	100	1		100 		58
59	7	10058	5	0	100	1		100 		58
59	7	10058	5	0	100	1		100 		58
59	8	10558	5	0	30	1		105 		58
59	8	10558	5	0	30	1		105 		58
59	8	10558	5	0	30	1		105 		58
59	9	11558	5	0	70	2		115 		58
59	9	11558	5	0	70	2		115 		58
59	9	11558	5	0	70	2		115 		58
59	10	11058	1	0	90	3		110 		58
59	10	11058	1	0	90	3		110 		58
59	10	11058	1	0	90	3		110 		58
60	1	12059	3	0	20	1		120 		59
60	1	12059	3	0	20	1		120 		59
60	1	12059	3	0	20	1		120 		59
60	2	10059	3	0	100	1		100 		59
60	2	10059	3	0	100	1		100 		59
60	2	10059	3	0	100	1		100 		59
60	3	10559	3	0	30	1		105 		59
60	3	10559	3	0	30	1		105 		59
60	3	10559	3	0	30	1		105 		59
60	4	11559	3	0	70	2		115 		59
60	4	11559	3	0	70	2		115 		59
60	4	11559	3	0	70	2		115 		59
60	5	11059	5	0	90	3		110 		59
60	5	11059	5	0	90	3		110 		59
60	5	11059	5	0	90	3		110 		59
60	6	12059	5	0	20	1		120 		59
60	6	12059	5	0	20	1		120 		59
60	6	12059	5	0	20	1		120 		59
60	7	10059	5	0	100	1		100 		59
60	7	10059	5	0	100	1		100 		59
60	7	10059	5	0	100	1		100 		59
60	8	10559	5	0	30	1		105 		59
60	8	10559	5	0	30	1		105 		59
60	8	10559	5	0	30	1		105 		59
60	9	11559	5	0	70	2		115 		59
60	9	11559	5	0	70	2		115 		59
60	9	11559	5	0	70	2		115 		59
60	10	11059	1	0	90	3		110 		59
60	10	11059	1	0	90	3		110 		59
60	10	11059	1	0	90	3		110 		59
61	1	12060	3	0	20	1		120 		60
61	1	12060	3	0	20	1		120 		60
61	1	12060	3	0	20	1		120 		60
61	2	10060	3	0	100	1		100 		60
61	2	10060	3	0	100	1		100 		60
61	2	10060	3	0	100	1		100 		60
61	3	10560	3	0	30	1		105 		60
61	3	10560	3	0	30	1		105 		60
61	3	10560	3	0	30	1		105 		60
61	4	11560	3	0	70	2		115 		60
61	4	11560	3	0	70	2		115 		60
61	4	11560	3	0	70	2		115 		60
61	5	11060	5	0	90	3		110 		60
61	5	11060	5	0	90	3		110 		60
61	5	11060	5	0	90	3		110 		60
61	6	12060	5	0	20	1		120 		60
61	6	12060	5	0	20	1		120 		60
61	6	12060	5	0	20	1		120 		60
61	7	10060	5	0	100	1		100 		60
61	7	10060	5	0	100	1		100 		60
61	7	10060	5	0	100	1		100 		60
61	8	10560	5	0	30	1		105 		60
61	8	10560	5	0	30	1		105 		60
61	8	10560	5	0	30	1		105 		60
61	9	11560	5	0	70	2		115 		60
61	9	11560	5	0	70	2		115 		60
61	9	11560	5	0	70	2		115 		60
61	10	11060	1	0	90	3		110 		60
61	10	11060	1	0	90	3		110 		60
61	10	11060	1	0	90	3		110 		60
62	1	12061	3	0	20	1		120 		61
62	1	12061	3	0	20	1		120 		61
62	1	12061	3	0	20	1		120 		61
62	2	10061	3	0	100	1		100 		61
62	2	10061	3	0	100	1		100 		61
62	2	10061	3	0	100	1		100 		61
62	3	10561	3	0	30	1		105 		61
62	3	10561	3	0	30	1		105 		61
62	3	10561	3	0	30	1		105 		61
62	4	11561	3	0	70	2		115 		61
62	4	11561	3	0	70	2		115 		61
62	4	11561	3	0	70	2		115 		61
62	5	11061	5	0	90	3		110 		61
62	5	11061	5	0	90	3		110 		61
62	5	11061	5	0	90	3		110 		61
62	6	12061	5	0	20	1		120 		61
62	6	12061	5	0	20	1		120 		61
62	6	12061	5	0	20	1		120 		61
62	7	10061	5	0	100	1		100 		61
62	7	10061	5	0	100	1		100 		61
62	7	10061	5	0	100	1		100 		61
62	8	10561	5	0	30	1		105 		61
62	8	10561	5	0	30	1		105 		61
62	8	10561	5	0	30	1		105 		61
62	9	11561	5	0	70	2		115 		61
62	9	11561	5	0	70	2		115 		61
62	9	11561	5	0	70	2		115 		61
62	10	11061	1	0	90	3		110 		61
62	10	11061	1	0	90	3		110 		61
62	10	11061	1	0	90	3		110 		61
63	1	12062	3	0	20	1		120 		62
63	1	12062	3	0	20	1		120 		62
63	1	12062	3	0	20	1		120 		62
63	2	10062	3	0	100	1		100 		62
63	2	10062	3	0	100	1		100 		62
63	2	10062	3	0	100	1		100 		62
63	3	10562	3	0	30	1		105 		62
63	3	10562	3	0	30	1		105 		62
63	3	10562	3	0	30	1		105 		62
63	4	11562	3	0	70	2		115 		62
63	4	11562	3	0	70	2		115 		62
63	4	11562	3	0	70	2		115 		62
63	5	11062	5	0	90	3		110 		62
63	5	11062	5	0	90	3		110 		62
63	5	11062	5	0	90	3		110 		62
63	6	12062	5	0	20	1		120 		62
63	6	12062	5	0	20	1		120 		62
63	6	12062	5	0	20	1		120 		62
63	7	10062	5	0	100	1		100 		62
63	7	10062	5	0	100	1		100 		62
63	7	10062	5	0	100	1		100 		62
63	8	10562	5	0	30	1		105 		62
63	8	10562	5	0	30	1		105 		62
63	8	10562	5	0	30	1		105 		62
63	9	11562	5	0	70	2		115 		62
63	9	11562	5	0	70	2		115 		62
63	9	11562	5	0	70	2		115 		62
63	10	11062	1	0	90	3		110 		62
63	10	11062	1	0	90	3		110 		62
63	10	11062	1	0	90	3		110 		62
64	1	12063	3	0	20	1		120 		63
64	1	12063	3	0	20	1		120 		63
64	1	12063	3	0	20	1		120 		63
64	2	10063	3	0	100	1		100 		63
64	2	10063	3	0	100	1		100 		63
64	2	10063	3	0	100	1		100 		63
64	3	10563	3	0	30	1		105 		63
64	3	10563	3	0	30	1		105 		63
64	3	10563	3	0	30	1		105 		63
64	4	11563	3	0	70	2		115 		63
64	4	11563	3	0	70	2		115 		63
64	4	11563	3	0	70	2		115 		63
64	5	11063	5	0	90	3		110 		63
64	5	11063	5	0	90	3		110 		63
64	5	11063	5	0	90	3		110 		63
64	6	12063	5	0	20	1		120 		63
64	6	12063	5	0	20	1		120 		63
64	6	12063	5	0	20	1		120 		63
64	7	10063	5	0	100	1		100 		63
64	7	10063	5	0	100	1		100 		63
64	7	10063	5	0	100	1		100 		63
64	8	10563	5	0	30	1		105 		63
64	8	10563	5	0	30	1		105 		63
64	8	10563	5	0	30	1		105 		63
64	9	11563	5	0	70	2		115 		63
64	9	11563	5	0	70	2		115 		63
64	9	11563	5	0	70	2		115 		63
64	10	11063	1	0	90	3		110 		63
64	10	11063	1	0	90	3		110 		63
64	10	11063	1	0	90	3		110 		63
65	1	12064	3	0	20	1		120 		64
65	1	12064	3	0	20	1		120 		64
65	1	12064	3	0	20	1		120 		64
65	2	10064	3	0	100	1		100 		64
65	2	10064	3	0	100	1		100 		64
65	2	10064	3	0	100	1		100 		64
65	3	10564	3	0	30	1		105 		64
65	3	10564	3	0	30	1		105 		64
65	3	10564	3	0	30	1		105 		64
65	4	11564	3	0	70	2		115 		64
65	4	11564	3	0	70	2		115 		64
65	4	11564	3	0	70	2		115 		64
65	5	11064	5	0	90	3		110 		64
65	5	11064	5	0	90	3		110 		64
65	5	11064	5	0	90	3		110 		64
65	6	12064	5	0	20	1		120 		64
65	6	12064	5	0	20	1		120 		64
65	6	12064	5	0	20	1		120 		64
65	7	10064	5	0	100	1		100 		64
65	7	10064	5	0	100	1		100 		64
65	7	10064	5	0	100	1		100 		64
65	8	10564	5	0	30	1		105 		64
65	8	10564	5	0	30	1		105 		64
65	8	10564	5	0	30	1		105 		64
65	9	11564	5	0	70	2		115 		64
65	9	11564	5	0	70	2		115 		64
65	9	11564	5	0	70	2		115 		64
65	10	11064	1	0	90	3		110 		64
65	10	11064	1	0	90	3		110 		64
65	10	11064	1	0	90	3		110 		64
66	1	12065	3	0	20	1		120 		65
66	1	12065	3	0	20	1		120 		65
66	1	12065	3	0	20	1		120 		65
66	2	10065	3	0	100	1		100 		65
66	2	10065	3	0	100	1		100 		65
66	2	10065	3	0	100	1		100 		65
66	3	10565	3	0	30	1		105 		65
66	3	10565	3	0	30	1		105 		65
66	3	10565	3	0	30	1		105 		65
66	4	11565	3	0	70	2		115 		65
66	4	11565	3	0	70	2		115 		65
66	4	11565	3	0	70	2		115 		65
66	5	11065	5	0	90	3		110 		65
66	5	11065	5	0	90	3		110 		65
66	5	11065	5	0	90	3		110 		65
66	6	12065	5	0	20	1		120 		65
66	6	12065	5	0	20	1		120 		65
66	6	12065	5	0	20	1		120 		65
66	7	10065	5	0	100	1		100 		65
66	7	10065	5	0	100	1		100 		65
66	7	10065	5	0	100	1		100 		65
66	8	10565	5	0	30	1		105 		65
66	8	10565	5	0	30	1		105 		65
66	8	10565	5	0	30	1		105 		65
66	9	11565	5	0	70	2		115 		65
66	9	11565	5	0	70	2		115 		65
66	9	11565	5	0	70	2		115 		65
66	10	11065	1	0	90	3		110 		65
66	10	11065	1	0	90	3		110 		65
66	10	11065	1	0	90	3		110 		65
67	1	12066	3	0	20	1		120 		66
67	1	12066	3	0	20	1		120 		66
67	1	12066	3	0	20	1		120 		66
67	2	10066	3	0	100	1		100 		66
67	2	10066	3	0	100	1		100 		66
67	2	10066	3	0	100	1		100 		66
67	3	10566	3	0	30	1		105 		66
67	3	10566	3	0	30	1		105 		66
67	3	10566	3	0	30	1		105 		66
67	4	11566	3	0	70	2		115 		66
67	4	11566	3	0	70	2		115 		66
67	4	11566	3	0	70	2		115 		66
67	5	11066	5	0	90	3		110 		66
67	5	11066	5	0	90	3		110 		66
67	5	11066	5	0	90	3		110 		66
67	6	12066	5	0	20	1		120 		66
67	6	12066	5	0	20	1		120 		66
67	6	12066	5	0	20	1		120 		66
67	7	10066	5	0	100	1		100 		66
67	7	10066	5	0	100	1		100 		66
67	7	10066	5	0	100	1		100 		66
67	8	10566	5	0	30	1		105 		66
67	8	10566	5	0	30	1		105 		66
67	8	10566	5	0	30	1		105 		66
67	9	11566	5	0	70	2		115 		66
67	9	11566	5	0	70	2		115 		66
67	9	11566	5	0	70	2		115 		66
67	10	11066	1	0	90	3		110 		66
67	10	11066	1	0	90	3		110 		66
67	10	11066	1	0	90	3		110 		66
68	1	12067	3	0	20	1		120 		67
68	1	12067	3	0	20	1		120 		67
68	1	12067	3	0	20	1		120 		67
68	2	10067	3	0	100	1		100 		67
68	2	10067	3	0	100	1		100 		67
68	2	10067	3	0	100	1		100 		67
68	3	10567	3	0	30	1		105 		67
68	3	10567	3	0	30	1		105 		67
68	3	10567	3	0	30	1		105 		67
68	4	11567	3	0	70	2		115 		67
68	4	11567	3	0	70	2		115 		67
68	4	11567	3	0	70	2		115 		67
68	5	11067	5	0	90	3		110 		67
68	5	11067	5	0	90	3		110 		67
68	5	11067	5	0	90	3		110 		67
68	6	12067	5	0	20	1		120 		67
68	6	12067	5	0	20	1		120 		67
68	6	12067	5	0	20	1		120 		67
68	7	10067	5	0	100	1		100 		67
68	7	10067	5	0	100	1		100 		67
68	7	10067	5	0	100	1		100 		67
68	8	10567	5	0	30	1		105 		67
68	8	10567	5	0	30	1		105 		67
68	8	10567	5	0	30	1		105 		67
68	9	11567	5	0	70	2		115 		67
68	9	11567	5	0	70	2		115 		67
68	9	11567	5	0	70	2		115 		67
68	10	11067	1	0	90	3		110 		67
68	10	11067	1	0	90	3		110 		67
68	10	11067	1	0	90	3		110 		67
69	1	12068	3	0	20	1		120 		68
69	1	12068	3	0	20	1		120 		68
69	1	12068	3	0	20	1		120 		68
69	2	10068	3	0	100	1		100 		68
69	2	10068	3	0	100	1		100 		68
69	2	10068	3	0	100	1		100 		68
69	3	10568	3	0	30	1		105 		68
69	3	10568	3	0	30	1		105 		68
69	3	10568	3	0	30	1		105 		68
69	4	11568	3	0	70	2		115 		68
69	4	11568	3	0	70	2		115 		68
69	4	11568	3	0	70	2		115 		68
69	5	11068	5	0	90	3		110 		68
69	5	11068	5	0	90	3		110 		68
69	5	11068	5	0	90	3		110 		68
69	6	12068	5	0	20	1		120 		68
69	6	12068	5	0	20	1		120 		68
69	6	12068	5	0	20	1		120 		68
69	7	10068	5	0	100	1		100 		68
69	7	10068	5	0	100	1		100 		68
69	7	10068	5	0	100	1		100 		68
69	8	10568	5	0	30	1		105 		68
69	8	10568	5	0	30	1		105 		68
69	8	10568	5	0	30	1		105 		68
69	9	11568	5	0	70	2		115 		68
69	9	11568	5	0	70	2		115 		68
69	9	11568	5	0	70	2		115 		68
69	10	11068	1	0	90	3		110 		68
69	10	11068	1	0	90	3		110 		68
69	10	11068	1	0	90	3		110 		68
70	1	12069	3	0	20	1		120 		69
70	1	12069	3	0	20	1		120 		69
70	1	12069	3	0	20	1		120 		69
70	2	10069	3	0	100	1		100 		69
70	2	10069	3	0	100	1		100 		69
70	2	10069	3	0	100	1		100 		69
70	3	10569	3	0	30	1		105 		69
70	3	10569	3	0	30	1		105 		69
70	3	10569	3	0	30	1		105 		69
70	4	11569	3	0	70	2		115 		69
70	4	11569	3	0	70	2		115 		69
70	4	11569	3	0	70	2		115 		69
70	5	11069	5	0	90	3		110 		69
70	5	11069	5	0	90	3		110 		69
70	5	11069	5	0	90	3		110 		69
70	6	12069	5	0	20	1		120 		69
70	6	12069	5	0	20	1		120 		69
70	6	12069	5	0	20	1		120 		69
70	7	10069	5	0	100	1		100 		69
70	7	10069	5	0	100	1		100 		69
70	7	10069	5	0	100	1		100 		69
70	8	10569	5	0	30	1		105 		69
70	8	10569	5	0	30	1		105 		69
70	8	10569	5	0	30	1		105 		69
70	9	11569	5	0	70	2		115 		69
70	9	11569	5	0	70	2		115 		69
70	9	11569	5	0	70	2		115 		69
70	10	11069	1	0	90	3		110 		69
70	10	11069	1	0	90	3		110 		69
70	10	11069	1	0	90	3		110 		69
71	1	12070	3	0	20	1		120 		70
71	1	12070	3	0	20	1		120 		70
71	1	12070	3	0	20	1		120 		70
71	2	10070	3	0	100	1		100 		70
71	2	10070	3	0	100	1		100 		70
71	2	10070	3	0	100	1		100 		70
71	3	10570	3	0	30	1		105 		70
71	3	10570	3	0	30	1		105 		70
71	3	10570	3	0	30	1		105 		70
71	4	11570	3	0	70	2		115 		70
71	4	11570	3	0	70	2		115 		70
71	4	11570	3	0	70	2		115 		70
71	5	11070	5	0	90	3		110 		70
71	5	11070	5	0	90	3		110 		70
71	5	11070	5	0	90	3		110 		70
71	6	12070	5	0	20	1		120 		70
71	6	12070	5	0	20	1		120 		70
71	6	12070	5	0	20	1		120 		70
71	7	10070	5	0	100	1		100 		70
71	7	10070	5	0	100	1		100 		70
71	7	10070	5	0	100	1		100 		70
71	8	10570	5	0	30	1		105 		70
71	8	10570	5	0	30	1		105 		70
71	8	10570	5	0	30	1		105 		70
71	9	11570	5	0	70	2		115 		70
71	9	11570	5	0	70	2		115 		70
71	9	11570	5	0	70	2		115 		70
71	10	11070	1	0	90	3		110 		70
71	10	11070	1	0	90	3		110 		70
71	10	11070	1	0	90	3		110 		70
72	1	12071	3	0	20	1		120 		71
72	1	12071	3	0	20	1		120 		71
72	1	12071	3	0	20	1		120 		71
72	2	10071	3	0	100	1		100 		71
72	2	10071	3	0	100	1		100 		71
72	2	10071	3	0	100	1		100 		71
72	3	10571	3	0	30	1		105 		71
72	3	10571	3	0	30	1		105 		71
72	3	10571	3	0	30	1		105 		71
72	4	11571	3	0	70	2		115 		71
72	4	11571	3	0	70	2		115 		71
72	4	11571	3	0	70	2		115 		71
72	5	11071	5	0	90	3		110 		71
72	5	11071	5	0	90	3		110 		71
72	5	11071	5	0	90	3		110 		71
72	6	12071	5	0	20	1		120 		71
72	6	12071	5	0	20	1		120 		71
72	6	12071	5	0	20	1		120 		71
72	7	10071	5	0	100	1		100 		71
72	7	10071	5	0	100	1		100 		71
72	7	10071	5	0	100	1		100 		71
72	8	10571	5	0	30	1		105 		71
72	8	10571	5	0	30	1		105 		71
72	8	10571	5	0	30	1		105 		71
72	9	11571	5	0	70	2		115 		71
72	9	11571	5	0	70	2		115 		71
72	9	11571	5	0	70	2		115 		71
72	10	11071	1	0	90	3		110 		71
72	10	11071	1	0	90	3		110 		71
72	10	11071	1	0	90	3		110 		71
73	1	12072	3	0	20	1		120 		72
73	1	12072	3	0	20	1		120 		72
73	1	12072	3	0	20	1		120 		72
73	2	10072	3	0	100	1		100 		72
73	2	10072	3	0	100	1		100 		72
73	2	10072	3	0	100	1		100 		72
73	3	10572	3	0	30	1		105 		72
73	3	10572	3	0	30	1		105 		72
73	3	10572	3	0	30	1		105 		72
73	4	11572	3	0	70	2		115 		72
73	4	11572	3	0	70	2		115 		72
73	4	11572	3	0	70	2		115 		72
73	5	11072	5	0	90	3		110 		72
73	5	11072	5	0	90	3		110 		72
73	5	11072	5	0	90	3		110 		72
73	6	12072	5	0	20	1		120 		72
73	6	12072	5	0	20	1		120 		72
73	6	12072	5	0	20	1		120 		72
73	7	10072	5	0	100	1		100 		72
73	7	10072	5	0	100	1		100 		72
73	7	10072	5	0	100	1		100 		72
73	8	10572	5	0	30	1		105 		72
73	8	10572	5	0	30	1		105 		72
73	8	10572	5	0	30	1		105 		72
73	9	11572	5	0	70	2		115 		72
73	9	11572	5	0	70	2		115 		72
73	9	11572	5	0	70	2		115 		72
73	10	11072	1	0	90	3		110 		72
73	10	11072	1	0	90	3		110 		72
73	10	11072	1	0	90	3		110 		72
74	1	12073	3	0	20	1		120 		73
74	1	12073	3	0	20	1		120 		73
74	1	12073	3	0	20	1		120 		73
74	2	10073	3	0	100	1		100 		73
74	2	10073	3	0	100	1		100 		73
74	2	10073	3	0	100	1		100 		73
74	3	10573	3	0	30	1		105 		73
74	3	10573	3	0	30	1		105 		73
74	3	10573	3	0	30	1		105 		73
74	4	11573	3	0	70	2		115 		73
74	4	11573	3	0	70	2		115 		73
74	4	11573	3	0	70	2		115 		73
74	5	11073	5	0	90	3		110 		73
74	5	11073	5	0	90	3		110 		73
74	5	11073	5	0	90	3		110 		73
74	6	12073	5	0	20	1		120 		73
74	6	12073	5	0	20	1		120 		73
74	6	12073	5	0	20	1		120 		73
74	7	10073	5	0	100	1		100 		73
74	7	10073	5	0	100	1		100 		73
74	7	10073	5	0	100	1		100 		73
74	8	10573	5	0	30	1		105 		73
74	8	10573	5	0	30	1		105 		73
74	8	10573	5	0	30	1		105 		73
74	9	11573	5	0	70	2		115 		73
74	9	11573	5	0	70	2		115 		73
74	9	11573	5	0	70	2		115 		73
74	10	11073	1	0	90	3		110 		73
74	10	11073	1	0	90	3		110 		73
74	10	11073	1	0	90	3		110 		73
75	1	12074	3	0	20	1		120 		74
75	1	12074	3	0	20	1		120 		74
75	1	12074	3	0	20	1		120 		74
75	2	10074	3	0	100	1		100 		74
75	2	10074	3	0	100	1		100 		74
75	2	10074	3	0	100	1		100 		74
75	3	10574	3	0	30	1		105 		74
75	3	10574	3	0	30	1		105 		74
75	3	10574	3	0	30	1		105 		74
75	4	11574	3	0	70	2		115 		74
75	4	11574	3	0	70	2		115 		74
75	4	11574	3	0	70	2		115 		74
75	5	11074	5	0	90	3		110 		74
75	5	11074	5	0	90	3		110 		74
75	5	11074	5	0	90	3		110 		74
75	6	12074	5	0	20	1		120 		74
75	6	12074	5	0	20	1		120 		74
75	6	12074	5	0	20	1		120 		74
75	7	10074	5	0	100	1		100 		74
75	7	10074	5	0	100	1		100 		74
75	7	10074	5	0	100	1		100 		74
75	8	10574	5	0	30	1		105 		74
75	8	10574	5	0	30	1		105 		74
75	8	10574	5	0	30	1		105 		74
75	9	11574	5	0	70	2		115 		74
75	9	11574	5	0	70	2		115 		74
75	9	11574	5	0	70	2		115 		74
75	10	11074	1	0	90	3		110 		74
75	10	11074	1	0	90	3		110 		74
75	10	11074	1	0	90	3		110 		74
76	1	12075	3	0	20	1		120 		75
76	1	12075	3	0	20	1		120 		75
76	1	12075	3	0	20	1		120 		75
76	2	10075	3	0	100	1		100 		75
76	2	10075	3	0	100	1		100 		75
76	2	10075	3	0	100	1		100 		75
76	3	10575	3	0	30	1		105 		75
76	3	10575	3	0	30	1		105 		75
76	3	10575	3	0	30	1		105 		75
76	4	11575	3	0	70	2		115 		75
76	4	11575	3	0	70	2		115 		75
76	4	11575	3	0	70	2		115 		75
76	5	11075	5	0	90	3		110 		75
76	5	11075	5	0	90	3		110 		75
76	5	11075	5	0	90	3		110 		75
76	6	12075	5	0	20	1		120 		75
76	6	12075	5	0	20	1		120 		75
76	6	12075	5	0	20	1		120 		75
76	7	10075	5	0	100	1		100 		75
76	7	10075	5	0	100	1		100 		75
76	7	10075	5	0	100	1		100 		75
76	8	10575	5	0	30	1		105 		75
76	8	10575	5	0	30	1		105 		75
76	8	10575	5	0	30	1		105 		75
76	9	11575	5	0	70	2		115 		75
76	9	11575	5	0	70	2		115 		75
76	9	11575	5	0	70	2		115 		75
76	10	11075	1	0	90	3		110 		75
76	10	11075	1	0	90	3		110 		75
76	10	11075	1	0	90	3		110 		75
77	1	12076	3	0	20	1		120 		76
77	1	12076	3	0	20	1		120 		76
77	1	12076	3	0	20	1		120 		76
77	2	10076	3	0	100	1		100 		76
77	2	10076	3	0	100	1		100 		76
77	2	10076	3	0	100	1		100 		76
77	3	10576	3	0	30	1		105 		76
77	3	10576	3	0	30	1		105 		76
77	3	10576	3	0	30	1		105 		76
77	4	11576	3	0	70	2		115 		76
77	4	11576	3	0	70	2		115 		76
77	4	11576	3	0	70	2		115 		76
77	5	11076	5	0	90	3		110 		76
77	5	11076	5	0	90	3		110 		76
77	5	11076	5	0	90	3		110 		76
77	6	12076	5	0	20	1		120 		76
77	6	12076	5	0	20	1		120 		76
77	6	12076	5	0	20	1		120 		76
77	7	10076	5	0	100	1		100 		76
77	7	10076	5	0	100	1		100 		76
77	7	10076	5	0	100	1		100 		76
77	8	10576	5	0	30	1		105 		76
77	8	10576	5	0	30	1		105 		76
77	8	10576	5	0	30	1		105 		76
77	9	11576	5	0	70	2		115 		76
77	9	11576	5	0	70	2		115 		76
77	9	11576	5	0	70	2		115 		76
77	10	11076	1	0	90	3		110 		76
77	10	11076	1	0	90	3		110 		76
77	10	11076	1	0	90	3		110 		76
78	1	12077	3	0	20	1		120 		77
78	1	12077	3	0	20	1		120 		77
78	1	12077	3	0	20	1		120 		77
78	2	10077	3	0	100	1		100 		77
78	2	10077	3	0	100	1		100 		77
78	2	10077	3	0	100	1		100 		77
78	3	10577	3	0	30	1		105 		77
78	3	10577	3	0	30	1		105 		77
78	3	10577	3	0	30	1		105 		77
78	4	11577	3	0	70	2		115 		77
78	4	11577	3	0	70	2		115 		77
78	4	11577	3	0	70	2		115 		77
78	5	11077	5	0	90	3		110 		77
78	5	11077	5	0	90	3		110 		77
78	5	11077	5	0	90	3		110 		77
78	6	12077	5	0	20	1		120 		77
78	6	12077	5	0	20	1		120 		77
78	6	12077	5	0	20	1		120 		77
78	7	10077	5	0	100	1		100 		77
78	7	10077	5	0	100	1		100 		77
78	7	10077	5	0	100	1		100 		77
78	8	10577	5	0	30	1		105 		77
78	8	10577	5	0	30	1		105 		77
78	8	10577	5	0	30	1		105 		77
78	9	11577	5	0	70	2		115 		77
78	9	11577	5	0	70	2		115 		77
78	9	11577	5	0	70	2		115 		77
78	10	11077	1	0	90	3		110 		77
78	10	11077	1	0	90	3		110 		77
78	10	11077	1	0	90	3		110 		77
79	1	12078	3	0	20	1		120 		78
79	1	12078	3	0	20	1		120 		78
79	1	12078	3	0	20	1		120 		78
79	2	10078	3	0	100	1		100 		78
79	2	10078	3	0	100	1		100 		78
79	2	10078	3	0	100	1		100 		78
79	3	10578	3	0	30	1		105 		78
79	3	10578	3	0	30	1		105 		78
79	3	10578	3	0	30	1		105 		78
79	4	11578	3	0	70	2		115 		78
79	4	11578	3	0	70	2		115 		78
79	4	11578	3	0	70	2		115 		78
79	5	11078	5	0	90	3		110 		78
79	5	11078	5	0	90	3		110 		78
79	5	11078	5	0	90	3		110 		78
79	6	12078	5	0	20	1		120 		78
79	6	12078	5	0	20	1		120 		78
79	6	12078	5	0	20	1		120 		78
79	7	10078	5	0	100	1		100 		78
79	7	10078	5	0	100	1		100 		78
79	7	10078	5	0	100	1		100 		78
79	8	10578	5	0	30	1		105 		78
79	8	10578	5	0	30	1		105 		78
79	8	10578	5	0	30	1		105 		78
79	9	11578	5	0	70	2		115 		78
79	9	11578	5	0	70	2		115 		78
79	9	11578	5	0	70	2		115 		78
79	10	11078	1	0	90	3		110 		78
79	10	11078	1	0	90	3		110 		78
79	10	11078	1	0	90	3		110 		78
80	1	12079	3	0	20	1		120 		79
80	1	12079	3	0	20	1		120 		79
80	1	12079	3	0	20	1		120 		79
80	2	10079	3	0	100	1		100 		79
80	2	10079	3	0	100	1		100 		79
80	2	10079	3	0	100	1		100 		79
80	3	10579	3	0	30	1		105 		79
80	3	10579	3	0	30	1		105 		79
80	3	10579	3	0	30	1		105 		79
80	4	11579	3	0	70	2		115 		79
80	4	11579	3	0	70	2		115 		79
80	4	11579	3	0	70	2		115 		79
80	5	11079	5	0	90	3		110 		79
80	5	11079	5	0	90	3		110 		79
80	5	11079	5	0	90	3		110 		79
80	6	12079	5	0	20	1		120 		79
80	6	12079	5	0	20	1		120 		79
80	6	12079	5	0	20	1		120 		79
80	7	10079	5	0	100	1		100 		79
80	7	10079	5	0	100	1		100 		79
80	7	10079	5	0	100	1		100 		79
80	8	10579	5	0	30	1		105 		79
80	8	10579	5	0	30	1		105 		79
80	8	10579	5	0	30	1		105 		79
80	9	11579	5	0	70	2		115 		79
80	9	11579	5	0	70	2		115 		79
80	9	11579	5	0	70	2		115 		79
80	10	11079	1	0	90	3		110 		79
80	10	11079	1	0	90	3		110 		79
80	10	11079	1	0	90	3		110 		79
81	1	12080	3	0	20	1		120 		80
81	1	12080	3	0	20	1		120 		80
81	1	12080	3	0	20	1		120 		80
81	2	10080	3	0	100	1		100 		80
81	2	10080	3	0	100	1		100 		80
81	2	10080	3	0	100	1		100 		80
81	3	10580	3	0	30	1		105 		80
81	3	10580	3	0	30	1		105 		80
81	3	10580	3	0	30	1		105 		80
81	4	11580	3	0	70	2		115 		80
81	4	11580	3	0	70	2		115 		80
81	4	11580	3	0	70	2		115 		80
81	5	11080	5	0	90	3		110 		80
81	5	11080	5	0	90	3		110 		80
81	5	11080	5	0	90	3		110 		80
81	6	12080	5	0	20	1		120 		80
81	6	12080	5	0	20	1		120 		80
81	6	12080	5	0	20	1		120 		80
81	7	10080	5	0	100	1		100 		80
81	7	10080	5	0	100	1		100 		80
81	7	10080	5	0	100	1		100 		80
81	8	10580	5	0	30	1		105 		80
81	8	10580	5	0	30	1		105 		80
81	8	10580	5	0	30	1		105 		80
81	9	11580	5	0	70	2		115 		80
81	9	11580	5	0	70	2		115 		80
81	9	11580	5	0	70	2		115 		80
81	10	11080	1	0	90	3		110 		80
81	10	11080	1	0	90	3		110 		80
81	10	11080	1	0	90	3		110 		80
82	1	12081	3	0	20	1		120 		81
82	1	12081	3	0	20	1		120 		81
82	1	12081	3	0	20	1		120 		81
82	2	10081	3	0	100	1		100 		81
82	2	10081	3	0	100	1		100 		81
82	2	10081	3	0	100	1		100 		81
82	3	10581	3	0	30	1		105 		81
82	3	10581	3	0	30	1		105 		81
82	3	10581	3	0	30	1		105 		81
82	4	11581	3	0	70	2		115 		81
82	4	11581	3	0	70	2		115 		81
82	4	11581	3	0	70	2		115 		81
82	5	11081	5	0	90	3		110 		81
82	5	11081	5	0	90	3		110 		81
82	5	11081	5	0	90	3		110 		81
82	6	12081	5	0	20	1		120 		81
82	6	12081	5	0	20	1		120 		81
82	6	12081	5	0	20	1		120 		81
82	7	10081	5	0	100	1		100 		81
82	7	10081	5	0	100	1		100 		81
82	7	10081	5	0	100	1		100 		81
82	8	10581	5	0	30	1		105 		81
82	8	10581	5	0	30	1		105 		81
82	8	10581	5	0	30	1		105 		81
82	9	11581	5	0	70	2		115 		81
82	9	11581	5	0	70	2		115 		81
82	9	11581	5	0	70	2		115 		81
82	10	11081	1	0	90	3		110 		81
82	10	11081	1	0	90	3		110 		81
82	10	11081	1	0	90	3		110 		81
83	1	12082	3	0	20	1		120 		82
83	1	12082	3	0	20	1		120 		82
83	1	12082	3	0	20	1		120 		82
83	2	10082	3	0	100	1		100 		82
83	2	10082	3	0	100	1		100 		82
83	2	10082	3	0	100	1		100 		82
83	3	10582	3	0	30	1		105 		82
83	3	10582	3	0	30	1		105 		82
83	3	10582	3	0	30	1		105 		82
83	4	11582	3	0	70	2		115 		82
83	4	11582	3	0	70	2		115 		82
83	4	11582	3	0	70	2		115 		82
83	5	11082	5	0	90	3		110 		82
83	5	11082	5	0	90	3		110 		82
83	5	11082	5	0	90	3		110 		82
83	6	12082	5	0	20	1		120 		82
83	6	12082	5	0	20	1		120 		82
83	6	12082	5	0	20	1		120 		82
83	7	10082	5	0	100	1		100 		82
83	7	10082	5	0	100	1		100 		82
83	7	10082	5	0	100	1		100 		82
83	8	10582	5	0	30	1		105 		82
83	8	10582	5	0	30	1		105 		82
83	8	10582	5	0	30	1		105 		82
83	9	11582	5	0	70	2		115 		82
83	9	11582	5	0	70	2		115 		82
83	9	11582	5	0	70	2		115 		82
83	10	11082	1	0	90	3		110 		82
83	10	11082	1	0	90	3		110 		82
83	10	11082	1	0	90	3		110 		82
84	1	12083	3	0	20	1		120 		83
84	1	12083	3	0	20	1		120 		83
84	1	12083	3	0	20	1		120 		83
84	2	10083	3	0	100	1		100 		83
84	2	10083	3	0	100	1		100 		83
84	2	10083	3	0	100	1		100 		83
84	3	10583	3	0	30	1		105 		83
84	3	10583	3	0	30	1		105 		83
84	3	10583	3	0	30	1		105 		83
84	4	11583	3	0	70	2		115 		83
84	4	11583	3	0	70	2		115 		83
84	4	11583	3	0	70	2		115 		83
84	5	11083	5	0	90	3		110 		83
84	5	11083	5	0	90	3		110 		83
84	5	11083	5	0	90	3		110 		83
84	6	12083	5	0	20	1		120 		83
84	6	12083	5	0	20	1		120 		83
84	6	12083	5	0	20	1		120 		83
84	7	10083	5	0	100	1		100 		83
84	7	10083	5	0	100	1		100 		83
84	7	10083	5	0	100	1		100 		83
84	8	10583	5	0	30	1		105 		83
84	8	10583	5	0	30	1		105 		83
84	8	10583	5	0	30	1		105 		83
84	9	11583	5	0	70	2		115 		83
84	9	11583	5	0	70	2		115 		83
84	9	11583	5	0	70	2		115 		83
84	10	11083	1	0	90	3		110 		83
84	10	11083	1	0	90	3		110 		83
84	10	11083	1	0	90	3		110 		83
85	1	12084	3	0	20	1		120 		84
85	1	12084	3	0	20	1		120 		84
85	1	12084	3	0	20	1		120 		84
85	2	10084	3	0	100	1		100 		84
85	2	10084	3	0	100	1		100 		84
85	2	10084	3	0	100	1		100 		84
85	3	10584	3	0	30	1		105 		84
85	3	10584	3	0	30	1		105 		84
85	3	10584	3	0	30	1		105 		84
85	4	11584	3	0	70	2		115 		84
85	4	11584	3	0	70	2		115 		84
85	4	11584	3	0	70	2		115 		84
85	5	11084	5	0	90	3		110 		84
85	5	11084	5	0	90	3		110 		84
85	5	11084	5	0	90	3		110 		84
85	6	12084	5	0	20	1		120 		84
85	6	12084	5	0	20	1		120 		84
85	6	12084	5	0	20	1		120 		84
85	7	10084	5	0	100	1		100 		84
85	7	10084	5	0	100	1		100 		84
85	7	10084	5	0	100	1		100 		84
85	8	10584	5	0	30	1		105 		84
85	8	10584	5	0	30	1		105 		84
85	8	10584	5	0	30	1		105 		84
85	9	11584	5	0	70	2		115 		84
85	9	11584	5	0	70	2		115 		84
85	9	11584	5	0	70	2		115 		84
85	10	11084	1	0	90	3		110 		84
85	10	11084	1	0	90	3		110 		84
85	10	11084	1	0	90	3		110 		84
86	1	12085	3	0	20	1		120 		85
86	1	12085	3	0	20	1		120 		85
86	1	12085	3	0	20	1		120 		85
86	2	10085	3	0	100	1		100 		85
86	2	10085	3	0	100	1		100 		85
86	2	10085	3	0	100	1		100 		85
86	3	10585	3	0	30	1		105 		85
86	3	10585	3	0	30	1		105 		85
86	3	10585	3	0	30	1		105 		85
86	4	11585	3	0	70	2		115 		85
86	4	11585	3	0	70	2		115 		85
86	4	11585	3	0	70	2		115 		85
86	5	11085	5	0	90	3		110 		85
86	5	11085	5	0	90	3		110 		85
86	5	11085	5	0	90	3		110 		85
86	6	12085	5	0	20	1		120 		85
86	6	12085	5	0	20	1		120 		85
86	6	12085	5	0	20	1		120 		85
86	7	10085	5	0	100	1		100 		85
86	7	10085	5	0	100	1		100 		85
86	7	10085	5	0	100	1		100 		85
86	8	10585	5	0	30	1		105 		85
86	8	10585	5	0	30	1		105 		85
86	8	10585	5	0	30	1		105 		85
86	9	11585	5	0	70	2		115 		85
86	9	11585	5	0	70	2		115 		85
86	9	11585	5	0	70	2		115 		85
86	10	11085	1	0	90	3		110 		85
86	10	11085	1	0	90	3		110 		85
86	10	11085	1	0	90	3		110 		85
87	1	12086	3	0	20	1		120 		86
87	1	12086	3	0	20	1		120 		86
87	1	12086	3	0	20	1		120 		86
87	2	10086	3	0	100	1		100 		86
87	2	10086	3	0	100	1		100 		86
87	2	10086	3	0	100	1		100 		86
87	3	10586	3	0	30	1		105 		86
87	3	10586	3	0	30	1		105 		86
87	3	10586	3	0	30	1		105 		86
87	4	11586	3	0	70	2		115 		86
87	4	11586	3	0	70	2		115 		86
87	4	11586	3	0	70	2		115 		86
87	5	11086	5	0	90	3		110 		86
87	5	11086	5	0	90	3		110 		86
87	5	11086	5	0	90	3		110 		86
87	6	12086	5	0	20	1		120 		86
87	6	12086	5	0	20	1		120 		86
87	6	12086	5	0	20	1		120 		86
87	7	10086	5	0	100	1		100 		86
87	7	10086	5	0	100	1		100 		86
87	7	10086	5	0	100	1		100 		86
87	8	10586	5	0	30	1		105 		86
87	8	10586	5	0	30	1		105 		86
87	8	10586	5	0	30	1		105 		86
87	9	11586	5	0	70	2		115 		86
87	9	11586	5	0	70	2		115 		86
87	9	11586	5	0	70	2		115 		86
87	10	11086	1	0	90	3		110 		86
87	10	11086	1	0	90	3		110 		86
87	10	11086	1	0	90	3		110 		86
88	1	12087	3	0	20	1		120 		87
88	1	12087	3	0	20	1		120 		87
88	1	12087	3	0	20	1		120 		87
88	2	10087	3	0	100	1		100 		87
88	2	10087	3	0	100	1		100 		87
88	2	10087	3	0	100	1		100 		87
88	3	10587	3	0	30	1		105 		87
88	3	10587	3	0	30	1		105 		87
88	3	10587	3	0	30	1		105 		87
88	4	11587	3	0	70	2		115 		87
88	4	11587	3	0	70	2		115 		87
88	4	11587	3	0	70	2		115 		87
88	5	11087	5	0	90	3		110 		87
88	5	11087	5	0	90	3		110 		87
88	5	11087	5	0	90	3		110 		87
88	6	12087	5	0	20	1		120 		87
88	6	12087	5	0	20	1		120 		87
88	6	12087	5	0	20	1		120 		87
88	7	10087	5	0	100	1		100 		87
88	7	10087	5	0	100	1		100 		87
88	7	10087	5	0	100	1		100 		87
88	8	10587	5	0	30	1		105 		87
88	8	10587	5	0	30	1		105 		87
88	8	10587	5	0	30	1		105 		87
88	9	11587	5	0	70	2		115 		87
88	9	11587	5	0	70	2		115 		87
88	9	11587	5	0	70	2		115 		87
88	10	11087	1	0	90	3		110 		87
88	10	11087	1	0	90	3		110 		87
88	10	11087	1	0	90	3		110 		87
89	1	12088	3	0	20	1		120 		88
89	1	12088	3	0	20	1		120 		88
89	1	12088	3	0	20	1		120 		88
89	2	10088	3	0	100	1		100 		88
89	2	10088	3	0	100	1		100 		88
89	2	10088	3	0	100	1		100 		88
89	3	10588	3	0	30	1		105 		88
89	3	10588	3	0	30	1		105 		88
89	3	10588	3	0	30	1		105 		88
89	4	11588	3	0	70	2		115 		88
89	4	11588	3	0	70	2		115 		88
89	4	11588	3	0	70	2		115 		88
89	5	11088	5	0	90	3		110 		88
89	5	11088	5	0	90	3		110 		88
89	5	11088	5	0	90	3		110 		88
89	6	12088	5	0	20	1		120 		88
89	6	12088	5	0	20	1		120 		88
89	6	12088	5	0	20	1		120 		88
89	7	10088	5	0	100	1		100 		88
89	7	10088	5	0	100	1		100 		88
89	7	10088	5	0	100	1		100 		88
89	8	10588	5	0	30	1		105 		88
89	8	10588	5	0	30	1		105 		88
89	8	10588	5	0	30	1		105 		88
89	9	11588	5	0	70	2		115 		88
89	9	11588	5	0	70	2		115 		88
89	9	11588	5	0	70	2		115 		88
89	10	11088	1	0	90	3		110 		88
89	10	11088	1	0	90	3		110 		88
89	10	11088	1	0	90	3		110 		88
90	1	12089	3	0	20	1		120 		89
90	1	12089	3	0	20	1		120 		89
90	1	12089	3	0	20	1		120 		89
90	2	10089	3	0	100	1		100 		89
90	2	10089	3	0	100	1		100 		89
90	2	10089	3	0	100	1		100 		89
90	3	10589	3	0	30	1		105 		89
90	3	10589	3	0	30	1		105 		89
90	3	10589	3	0	30	1		105 		89
90	4	11589	3	0	70	2		115 		89
90	4	11589	3	0	70	2		115 		89
90	4	11589	3	0	70	2		115 		89
90	5	11089	5	0	90	3		110 		89
90	5	11089	5	0	90	3		110 		89
90	5	11089	5	0	90	3		110 		89
90	6	12089	5	0	20	1		120 		89
90	6	12089	5	0	20	1		120 		89
90	6	12089	5	0	20	1		120 		89
90	7	10089	5	0	100	1		100 		89
90	7	10089	5	0	100	1		100 		89
90	7	10089	5	0	100	1		100 		89
90	8	10589	5	0	30	1		105 		89
90	8	10589	5	0	30	1		105 		89
90	8	10589	5	0	30	1		105 		89
90	9	11589	5	0	70	2		115 		89
90	9	11589	5	0	70	2		115 		89
90	9	11589	5	0	70	2		115 		89
90	10	11089	1	0	90	3		110 		89
90	10	11089	1	0	90	3		110 		89
90	10	11089	1	0	90	3		110 		89
91	1	12090	3	0	20	1		120 		90
91	1	12090	3	0	20	1		120 		90
91	1	12090	3	0	20	1		120 		90
91	2	10090	3	0	100	1		100 		90
91	2	10090	3	0	100	1		100 		90
91	2	10090	3	0	100	1		100 		90
91	3	10590	3	0	30	1		105 		90
91	3	10590	3	0	30	1		105 		90
91	3	10590	3	0	30	1		105 		90
91	4	11590	3	0	70	2		115 		90
91	4	11590	3	0	70	2		115 		90
91	4	11590	3	0	70	2		115 		90
91	5	11090	5	0	90	3		110 		90
91	5	11090	5	0	90	3		110 		90
91	5	11090	5	0	90	3		110 		90
91	6	12090	5	0	20	1		120 		90
91	6	12090	5	0	20	1		120 		90
91	6	12090	5	0	20	1		120 		90
91	7	10090	5	0	100	1		100 		90
91	7	10090	5	0	100	1		100 		90
91	7	10090	5	0	100	1		100 		90
91	8	10590	5	0	30	1		105 		90
91	8	10590	5	0	30	1		105 		90
91	8	10590	5	0	30	1		105 		90
91	9	11590	5	0	70	2		115 		90
91	9	11590	5	0	70	2		115 		90
91	9	11590	5	0	70	2		115 		90
91	10	11090	1	0	90	3		110 		90
91	10	11090	1	0	90	3		110 		90
91	10	11090	1	0	90	3		110 		90
92	1	12091	3	0	20	1		120 		91
92	1	12091	3	0	20	1		120 		91
92	1	12091	3	0	20	1		120 		91
92	2	10091	3	0	100	1		100 		91
92	2	10091	3	0	100	1		100 		91
92	2	10091	3	0	100	1		100 		91
92	3	10591	3	0	30	1		105 		91
92	3	10591	3	0	30	1		105 		91
92	3	10591	3	0	30	1		105 		91
92	4	11591	3	0	70	2		115 		91
92	4	11591	3	0	70	2		115 		91
92	4	11591	3	0	70	2		115 		91
92	5	11091	5	0	90	3		110 		91
92	5	11091	5	0	90	3		110 		91
92	5	11091	5	0	90	3		110 		91
92	6	12091	5	0	20	1		120 		91
92	6	12091	5	0	20	1		120 		91
92	6	12091	5	0	20	1		120 		91
92	7	10091	5	0	100	1		100 		91
92	7	10091	5	0	100	1		100 		91
92	7	10091	5	0	100	1		100 		91
92	8	10591	5	0	30	1		105 		91
92	8	10591	5	0	30	1		105 		91
92	8	10591	5	0	30	1		105 		91
92	9	11591	5	0	70	2		115 		91
92	9	11591	5	0	70	2		115 		91
92	9	11591	5	0	70	2		115 		91
92	10	11091	1	0	90	3		110 		91
92	10	11091	1	0	90	3		110 		91
92	10	11091	1	0	90	3		110 		91
93	1	12092	3	0	20	1		120 		92
93	1	12092	3	0	20	1		120 		92
93	1	12092	3	0	20	1		120 		92
93	2	10092	3	0	100	1		100 		92
93	2	10092	3	0	100	1		100 		92
93	2	10092	3	0	100	1		100 		92
93	3	10592	3	0	30	1		105 		92
93	3	10592	3	0	30	1		105 		92
93	3	10592	3	0	30	1		105 		92
93	4	11592	3	0	70	2		115 		92
93	4	11592	3	0	70	2		115 		92
93	4	11592	3	0	70	2		115 		92
93	5	11092	5	0	90	3		110 		92
93	5	11092	5	0	90	3		110 		92
93	5	11092	5	0	90	3		110 		92
93	6	12092	5	0	20	1		120 		92
93	6	12092	5	0	20	1		120 		92
93	6	12092	5	0	20	1		120 		92
93	7	10092	5	0	100	1		100 		92
93	7	10092	5	0	100	1		100 		92
93	7	10092	5	0	100	1		100 		92
93	8	10592	5	0	30	1		105 		92
93	8	10592	5	0	30	1		105 		92
93	8	10592	5	0	30	1		105 		92
93	9	11592	5	0	70	2		115 		92
93	9	11592	5	0	70	2		115 		92
93	9	11592	5	0	70	2		115 		92
93	10	11092	1	0	90	3		110 		92
93	10	11092	1	0	90	3		110 		92
93	10	11092	1	0	90	3		110 		92
94	1	12093	3	0	20	1		120 		93
94	1	12093	3	0	20	1		120 		93
94	1	12093	3	0	20	1		120 		93
94	2	10093	3	0	100	1		100 		93
94	2	10093	3	0	100	1		100 		93
94	2	10093	3	0	100	1		100 		93
94	3	10593	3	0	30	1		105 		93
94	3	10593	3	0	30	1		105 		93
94	3	10593	3	0	30	1		105 		93
94	4	11593	3	0	70	2		115 		93
94	4	11593	3	0	70	2		115 		93
94	4	11593	3	0	70	2		115 		93
94	5	11093	5	0	90	3		110 		93
94	5	11093	5	0	90	3		110 		93
94	5	11093	5	0	90	3		110 		93
94	6	12093	5	0	20	1		120 		93
94	6	12093	5	0	20	1		120 		93
94	6	12093	5	0	20	1		120 		93
94	7	10093	5	0	100	1		100 		93
94	7	10093	5	0	100	1		100 		93
94	7	10093	5	0	100	1		100 		93
94	8	10593	5	0	30	1		105 		93
94	8	10593	5	0	30	1		105 		93
94	8	10593	5	0	30	1		105 		93
94	9	11593	5	0	70	2		115 		93
94	9	11593	5	0	70	2		115 		93
94	9	11593	5	0	70	2		115 		93
94	10	11093	1	0	90	3		110 		93
94	10	11093	1	0	90	3		110 		93
94	10	11093	1	0	90	3		110 		93
95	1	12094	3	0	20	1		120 		94
95	1	12094	3	0	20	1		120 		94
95	1	12094	3	0	20	1		120 		94
95	2	10094	3	0	100	1		100 		94
95	2	10094	3	0	100	1		100 		94
95	2	10094	3	0	100	1		100 		94
95	3	10594	3	0	30	1		105 		94
95	3	10594	3	0	30	1		105 		94
95	3	10594	3	0	30	1		105 		94
95	4	11594	3	0	70	2		115 		94
95	4	11594	3	0	70	2		115 		94
95	4	11594	3	0	70	2		115 		94
95	5	11094	5	0	90	3		110 		94
95	5	11094	5	0	90	3		110 		94
95	5	11094	5	0	90	3		110 		94
95	6	12094	5	0	20	1		120 		94
95	6	12094	5	0	20	1		120 		94
95	6	12094	5	0	20	1		120 		94
95	7	10094	5	0	100	1		100 		94
95	7	10094	5	0	100	1		100 		94
95	7	10094	5	0	100	1		100 		94
95	8	10594	5	0	30	1		105 		94
95	8	10594	5	0	30	1		105 		94
95	8	10594	5	0	30	1		105 		94
95	9	11594	5	0	70	2		115 		94
95	9	11594	5	0	70	2		115 		94
95	9	11594	5	0	70	2		115 		94
95	10	11094	1	0	90	3		110 		94
95	10	11094	1	0	90	3		110 		94
95	10	11094	1	0	90	3		110 		94
96	1	12095	3	0	20	1		120 		95
96	1	12095	3	0	20	1		120 		95
96	1	12095	3	0	20	1		120 		95
96	2	10095	3	0	100	1		100 		95
96	2	10095	3	0	100	1		100 		95
96	2	10095	3	0	100	1		100 		95
96	3	10595	3	0	30	1		105 		95
96	3	10595	3	0	30	1		105 		95
96	3	10595	3	0	30	1		105 		95
96	4	11595	3	0	70	2		115 		95
96	4	11595	3	0	70	2		115 		95
96	4	11595	3	0	70	2		115 		95
96	5	11095	5	0	90	3		110 		95
96	5	11095	5	0	90	3		110 		95
96	5	11095	5	0	90	3		110 		95
96	6	12095	5	0	20	1		120 		95
96	6	12095	5	0	20	1		120 		95
96	6	12095	5	0	20	1		120 		95
96	7	10095	5	0	100	1		100 		95
96	7	10095	5	0	100	1		100 		95
96	7	10095	5	0	100	1		100 		95
96	8	10595	5	0	30	1		105 		95
96	8	10595	5	0	30	1		105 		95
96	8	10595	5	0	30	1		105 		95
96	9	11595	5	0	70	2		115 		95
96	9	11595	5	0	70	2		115 		95
96	9	11595	5	0	70	2		115 		95
96	10	11095	1	0	90	3		110 		95
96	10	11095	1	0	90	3		110 		95
96	10	11095	1	0	90	3		110 		95
97	1	12096	3	0	20	1		120 		96
97	1	12096	3	0	20	1		120 		96
97	1	12096	3	0	20	1		120 		96
97	2	10096	3	0	100	1		100 		96
97	2	10096	3	0	100	1		100 		96
97	2	10096	3	0	100	1		100 		96
97	3	10596	3	0	30	1		105 		96
97	3	10596	3	0	30	1		105 		96
97	3	10596	3	0	30	1		105 		96
97	4	11596	3	0	70	2		115 		96
97	4	11596	3	0	70	2		115 		96
97	4	11596	3	0	70	2		115 		96
97	5	11096	5	0	90	3		110 		96
97	5	11096	5	0	90	3		110 		96
97	5	11096	5	0	90	3		110 		96
97	6	12096	5	0	20	1		120 		96
97	6	12096	5	0	20	1		120 		96
97	6	12096	5	0	20	1		120 		96
97	7	10096	5	0	100	1		100 		96
97	7	10096	5	0	100	1		100 		96
97	7	10096	5	0	100	1		100 		96
97	8	10596	5	0	30	1		105 		96
97	8	10596	5	0	30	1		105 		96
97	8	10596	5	0	30	1		105 		96
97	9	11596	5	0	70	2		115 		96
97	9	11596	5	0	70	2		115 		96
97	9	11596	5	0	70	2		115 		96
97	10	11096	1	0	90	3		110 		96
97	10	11096	1	0	90	3		110 		96
97	10	11096	1	0	90	3		110 		96
98	1	12097	3	0	20	1		120 		97
98	1	12097	3	0	20	1		120 		97
98	1	12097	3	0	20	1		120 		97
98	2	10097	3	0	100	1		100 		97
98	2	10097	3	0	100	1		100 		97
98	2	10097	3	0	100	1		100 		97
98	3	10597	3	0	30	1		105 		97
98	3	10597	3	0	30	1		105 		97
98	3	10597	3	0	30	1		105 		97
98	4	11597	3	0	70	2		115 		97
98	4	11597	3	0	70	2		115 		97
98	4	11597	3	0	70	2		115 		97
98	5	11097	5	0	90	3		110 		97
98	5	11097	5	0	90	3		110 		97
98	5	11097	5	0	90	3		110 		97
98	6	12097	5	0	20	1		120 		97
98	6	12097	5	0	20	1		120 		97
98	6	12097	5	0	20	1		120 		97
98	7	10097	5	0	100	1		100 		97
98	7	10097	5	0	100	1		100 		97
98	7	10097	5	0	100	1		100 		97
98	8	10597	5	0	30	1		105 		97
98	8	10597	5	0	30	1		105 		97
98	8	10597	5	0	30	1		105 		97
98	9	11597	5	0	70	2		115 		97
98	9	11597	5	0	70	2		115 		97
98	9	11597	5	0	70	2		115 		97
98	10	11097	1	0	90	3		110 		97
98	10	11097	1	0	90	3		110 		97
98	10	11097	1	0	90	3		110 		97
99	1	12098	3	0	20	1		120 		98
99	1	12098	3	0	20	1		120 		98
99	1	12098	3	0	20	1		120 		98
99	2	10098	3	0	100	1		100 		98
99	2	10098	3	0	100	1		100 		98
99	2	10098	3	0	100	1		100 		98
99	3	10598	3	0	30	1		105 		98
99	3	10598	3	0	30	1		105 		98
99	3	10598	3	0	30	1		105 		98
99	4	11598	3	0	70	2		115 		98
99	4	11598	3	0	70	2		115 		98
99	4	11598	3	0	70	2		115 		98
99	5	11098	5	0	90	3		110 		98
99	5	11098	5	0	90	3		110 		98
99	5	11098	5	0	90	3		110 		98
99	6	12098	5	0	20	1		120 		98
99	6	12098	5	0	20	1		120 		98
99	6	12098	5	0	20	1		120 		98
99	7	10098	5	0	100	1		100 		98
99	7	10098	5	0	100	1		100 		98
99	7	10098	5	0	100	1		100 		98
99	8	10598	5	0	30	1		105 		98
99	8	10598	5	0	30	1		105 		98
99	8	10598	5	0	30	1		105 		98
99	9	11598	5	0	70	2		115 		98
99	9	11598	5	0	70	2		115 		98
99	9	11598	5	0	70	2		115 		98
99	10	11098	1	0	90	3		110 		98
99	10	11098	1	0	90	3		110 		98
99	10	11098	1	0	90	3		110 		98
100	1	12099	3	0	20	1		120 		99
100	1	12099	3	0	20	1		120 		99
100	1	12099	3	0	20	1		120 		99
100	2	10099	3	0	100	1		100 		99
100	2	10099	3	0	100	1		100 		99
100	2	10099	3	0	100	1		100 		99
100	3	10599	3	0	30	1		105 		99
100	3	10599	3	0	30	1		105 		99
100	3	10599	3	0	30	1		105 		99
100	4	11599	3	0	70	2		115 		99
100	4	11599	3	0	70	2		115 		99
100	4	11599	3	0	70	2		115 		99
100	5	11099	5	0	90	3		110 		99
100	5	11099	5	0	90	3		110 		99
100	5	11099	5	0	90	3		110 		99
100	6	12099	5	0	20	1		120 		99
100	6	12099	5	0	20	1		120 		99
100	6	12099	5	0	20	1		120 		99
100	7	10099	5	0	100	1		100 		99
100	7	10099	5	0	100	1		100 		99
100	7	10099	5	0	100	1		100 		99
100	8	10599	5	0	30	1		105 		99
100	8	10599	5	0	30	1		105 		99
100	8	10599	5	0	30	1		105 		99
100	9	11599	5	0	70	2		115 		99
100	9	11599	5	0	70	2		115 		99
100	9	11599	5	0	70	2		115 		99
100	10	11099	1	0	90	3		110 		99
100	10	11099	1	0	90	3		110 		99
100	10	11099	1	0	90	3		110 		99
