INSERT INTO `clan_statue_template` VALUES
(1,0,0,60,6,0,6,0,3,0),
(2,2000,20,126,12,0,12,0,6,0),
(3,6500,40,212,21,0,21,0,10,0),
(4,14500,60,317,31,0,31,0,15,0),
(5,27000,100,440,44,0,44,0,22,0),
(6,45000,150,581,58,0,58,0,29,0),
(7,69500,200,739,73,0,73,0,36,0),
(8,101500,250,914,91,0,91,0,45,0),
(9,142000,300,1104,110,0,110,0,55,0),
(10,192000,350,1311,131,0,131,0,65,0),
(11,252500,400,1534,153,0,153,0,76,0),
(12,324500,450,1771,177,0,177,0,88,0),
(13,409000,500,2024,202,0,202,0,101,0),
(14,507000,550,2292,229,0,229,0,114,0),
(15,619500,600,2574,257,0,257,0,128,0),
(16,747500,650,2871,287,0,287,0,143,0),
(17,892000,700,3182,318,0,318,0,159,0),
(18,1054000,750,3508,350,0,350,0,175,0),
(19,1234500,800,3847,384,0,384,0,192,0),
(20,1434500,850,4200,420,0,420,0,210,0),
(21,1655000,900,4567,456,0,456,0,228,0),
(22,1897000,950,4948,494,0,494,0,247,0),
(23,2161500,1000,5342,534,0,534,0,267,0),
(24,2449500,1050,5749,574,0,574,0,287,0),
(25,2762000,1100,6170,617,0,617,0,308,0),
(26,3100000,1150,6603,660,0,660,0,330,0),
(27,3464500,1200,7050,705,0,705,0,352,0),
(28,3856500,1250,7510,751,0,751,0,375,0),
(29,4277000,1300,7982,798,0,798,0,399,0),
(30,4727000,1350,8468,846,0,846,0,423,0),
(31,5207500,1400,8966,896,0,896,0,448,0),
(32,5719500,1450,9476,947,0,947,0,473,0),
(33,6264000,1500,10000,1000,0,1000,0,500,0);
