INSERT INTO `clan_building_template` VALUES
(1,1200,10,10,10,10,1),
(2,3600,20,20,20,20,2),
(3,7200,30,30,30,30,3),
(4,12000,40,40,40,40,4),
(5,18000,50,50,50,50,5),
(6,25200,60,60,60,60,6),
(7,33600,70,70,70,70,7),
(8,43200,80,80,80,80,8),
(9,54000,90,90,90,90,9),
(10,66000,100,100,100,100,10),
(11,79200,110,110,110,110,11),
(12,93600,120,120,120,120,12),
(13,109200,130,130,130,130,13),
(14,126000,140,140,140,140,14),
(15,144000,150,150,150,150,15),
(16,163200,160,160,160,160,16),
(17,183600,170,170,170,170,17),
(18,205200,180,180,180,180,18),
(19,228000,190,190,190,190,19),
(20,252000,200,200,200,200,20),
(21,277200,210,210,210,210,21),
(22,303600,220,220,220,220,22),
(23,331200,230,230,230,230,23),
(24,360000,240,240,240,240,24),
(25,390000,250,250,250,250,25),
(26,421200,260,260,260,260,26),
(27,453600,270,270,270,270,27),
(28,487200,280,280,280,280,28),
(29,522000,290,290,290,290,29),
(30,558000,300,300,300,300,30);
