INSERT INTO `clan_copy_template` VALUES
(0,0,0,0,0,0,0,0),
(1,10,20,5,60,20,100,480),
(2,10,40,5,60,20,100,960),
(3,10,60,5,60,20,100,1440),
(4,10,80,5,60,20,100,1920),
(5,10,100,5,60,20,100,2400),
(6,10,120,5,60,20,100,2880),
(7,10,140,5,60,20,100,3360),
(8,10,160,5,60,20,100,3840),
(9,10,180,5,60,20,100,4320),
(10,10,200,5,60,20,100,4800),
(11,10,220,5,60,20,100,5280),
(12,10,240,5,60,20,100,5760),
(13,10,260,5,60,20,100,6240),
(14,10,280,5,60,20,100,6720),
(15,10,300,5,60,20,100,7200),
(16,10,320,5,60,20,100,7680),
(17,10,340,5,60,20,100,8160),
(18,10,360,5,60,20,100,8640),
(19,10,380,5,60,20,100,9120),
(20,10,400,5,60,20,100,9600),
(21,10,420,5,60,20,100,10080),
(22,10,440,5,60,20,100,10560),
(23,10,460,5,60,20,100,11040),
(24,10,480,5,60,20,100,11520),
(25,10,500,5,60,20,100,12000),
(26,10,520,5,60,20,100,12480),
(27,10,540,5,60,20,100,12960),
(28,10,560,5,60,20,100,13440),
(29,10,580,5,60,20,100,13920),
(30,10,600,5,60,20,100,14400),
(31,10,620,5,60,20,100,14880),
(32,10,640,5,60,20,100,15360),
(33,10,660,5,60,20,100,15840),
(34,10,680,5,60,20,100,16320),
(35,10,700,5,60,20,100,16800),
(36,10,720,5,60,20,100,17280),
(37,10,740,5,60,20,100,17760),
(38,10,760,5,60,20,100,18240),
(39,10,780,5,60,20,100,18720),
(40,10,800,5,60,20,100,19200),
(41,10,820,5,60,20,100,19680),
(42,10,840,5,60,20,100,20160),
(43,10,860,5,60,20,100,20640),
(44,10,880,5,60,20,100,21120),
(45,10,900,5,60,20,100,21600),
(46,10,920,5,60,20,100,22080),
(47,10,940,5,60,20,100,22560),
(48,10,960,5,60,20,100,23040),
(49,10,980,5,60,20,100,23520),
(50,10,1000,5,60,20,100,24000),
(51,10,1020,5,60,20,100,24480),
(52,10,1040,5,60,20,100,24960),
(53,10,1060,5,60,20,100,25440),
(54,10,1080,5,60,20,100,25920),
(55,10,1100,5,60,20,100,26400),
(56,10,1120,5,60,20,100,26880),
(57,10,1140,5,60,20,100,27360),
(58,10,1160,5,60,20,100,27840),
(59,10,1180,5,60,20,100,28320),
(60,10,1200,5,60,20,100,28800),
(61,10,1220,5,60,20,100,29280),
(62,10,1240,5,60,20,100,29760),
(63,10,1260,5,60,20,100,30240),
(64,10,1280,5,60,20,100,30720),
(65,10,1300,5,60,20,100,31200),
(66,10,1320,5,60,20,100,31680),
(67,10,1340,5,60,20,100,32160),
(68,10,1360,5,60,20,100,32640),
(69,10,1380,5,60,20,100,33120),
(70,10,1400,5,60,20,100,33600),
(71,10,1420,5,60,20,100,34080),
(72,10,1440,5,60,20,100,34560),
(73,10,1460,5,60,20,100,35040),
(74,10,1480,5,60,20,100,35520),
(75,10,1500,5,60,20,100,36000),
(76,10,1520,5,60,20,100,36480),
(77,10,1540,5,60,20,100,36960),
(78,10,1560,5,60,20,100,37440),
(79,10,1580,5,60,20,100,37920),
(80,10,1600,5,60,20,100,38400),
(81,10,1620,5,60,20,100,38880),
(82,10,1640,5,60,20,100,39360),
(83,10,1660,5,60,20,100,39840),
(84,10,1680,5,60,20,100,40320),
(85,10,1700,5,60,20,100,40800),
(86,10,1720,5,60,20,100,41280),
(87,10,1740,5,60,20,100,41760),
(88,10,1760,5,60,20,100,42240),
(89,10,1780,5,60,20,100,42720),
(90,10,1800,5,60,20,100,43200),
(91,10,1820,5,60,20,100,43680),
(92,10,1840,5,60,20,100,44160),
(93,10,1860,5,60,20,100,44640),
(94,10,1880,5,60,20,100,45120),
(95,10,1900,5,60,20,100,45600),
(96,10,1920,5,60,20,100,46080),
(97,10,1940,5,60,20,100,46560),
(98,10,1960,5,60,20,100,47040),
(99,10,1980,5,60,20,100,47520),
(100,10,2000,5,60,20,100,48000);
