INSERT INTO `copy` VALUES
(1,1,1,5274),
(1,1,2,5275),
(1,1,3,5276),
(1,1,4,5277),
(1,1,5,5033),
(1,2,1,5278),
(1,2,2,5279),
(1,2,3,5280),
(1,2,4,5281),
(1,2,5,5032),
(1,3,1,5282),
(1,3,2,5283),
(1,3,3,5284),
(1,3,4,5285),
(1,3,5,5037),
(2,1,1,5073),
(2,1,2,5360),
(2,1,3,5072),
(2,1,4,5361),
(2,1,5,5063),
(2,2,1,5362),
(2,2,2,5294),
(2,2,3,5295),
(2,2,4,5409),
(2,2,5,5065),
(2,3,1,5076),
(2,3,2,5363),
(2,3,3,5297),
(2,3,4,5364),
(2,3,5,5067),
(2,4,1,5296),
(2,4,2,5365),
(2,4,3,5074),
(2,4,4,5366),
(2,4,5,5071),
(3,1,1,5298),
(3,1,2,5367),
(3,1,3,5221),
(3,1,4,5368),
(3,1,5,5214),
(3,2,1,5218),
(3,2,2,5369),
(3,2,3,5217),
(3,2,4,5370),
(3,2,5,5213),
(3,3,1,5216),
(3,3,2,5371),
(3,3,3,5220),
(3,3,4,5372),
(3,3,5,5212),
(3,4,1,5299),
(3,4,2,5373),
(3,4,3,5219),
(3,4,4,5374),
(3,4,5,5211),
(4,1,1,5324),
(4,1,2,5325),
(4,1,3,5223),
(4,1,4,5326),
(4,1,5,5229),
(4,2,1,5225),
(4,2,2,5327),
(4,2,3,5224),
(4,2,4,5328),
(4,2,5,5230),
(4,3,1,5222),
(4,3,2,5329),
(4,3,3,5226),
(4,3,4,5330),
(4,3,5,5231),
(4,4,1,5227),
(4,4,2,5331),
(4,4,3,5228),
(4,4,4,5332),
(4,4,5,5233),
(5,1,1,5333),
(5,1,2,5247),
(5,1,3,5334),
(5,1,4,5335),
(5,1,5,5254),
(5,2,1,5336),
(5,2,2,5337),
(5,2,3,5338),
(5,2,4,5339),
(5,2,5,5255),
(5,3,1,5340),
(5,3,2,5341),
(5,3,3,5342),
(5,3,4,5343),
(5,3,5,5256),
(5,4,1,5344),
(5,4,2,5252),
(5,4,3,5253),
(5,4,4,5345),
(5,4,5,5257),
(5,5,1,5346),
(5,5,2,5248),
(5,5,3,5249),
(5,5,4,5347),
(5,5,5,5258),
(6,1,1,5250),
(6,1,2,5348),
(6,1,3,5259),
(6,1,4,5349),
(6,1,5,5269),
(6,2,1,5350),
(6,2,2,5260),
(6,2,3,5261),
(6,2,4,5351),
(6,2,5,5268),
(6,3,1,5358),
(6,3,2,5262),
(6,3,3,5263),
(6,3,4,5359),
(6,3,5,5271),
(6,4,1,5352),
(6,4,2,5353),
(6,4,3,5354),
(6,4,4,5355),
(6,4,5,5267),
(6,5,1,5356),
(6,5,2,5264),
(6,5,3,5265),
(6,5,4,5357),
(6,5,5,5266),
(7,1,1,6072),
(7,1,2,6073),
(7,1,3,6074),
(7,1,4,6075),
(7,1,5,6077),
(7,2,1,6078),
(7,2,2,6079),
(7,2,3,6080),
(7,2,4,6081),
(7,2,5,6083),
(7,3,1,6084),
(7,3,2,6085),
(7,3,3,6086),
(7,3,4,6087),
(7,3,5,6089),
(7,4,1,6090),
(7,4,2,6091),
(7,4,3,6092),
(7,4,4,6093),
(7,4,5,6095),
(8,1,1,6128),
(8,1,2,6129),
(8,1,3,6130),
(8,1,4,6131),
(8,1,5,6132),
(8,2,1,6134),
(8,2,2,6135),
(8,2,3,6136),
(8,2,4,6137),
(8,2,5,6138),
(8,3,1,6139),
(8,3,2,6140),
(8,3,3,6141),
(8,3,4,6142),
(8,3,5,6143),
(8,4,1,6144),
(8,4,2,6145),
(8,4,3,6146),
(8,4,4,6147),
(8,4,5,6148),
(8,5,1,6149),
(8,5,2,6150),
(8,5,3,6151),
(8,5,4,6152),
(8,5,5,6153),
(9,1,1,6154),
(9,1,2,6155),
(9,1,3,6156),
(9,1,4,6157),
(9,1,5,6158),
(9,2,1,6159),
(9,2,2,6160),
(9,2,3,6161),
(9,2,4,6162),
(9,2,5,6163),
(9,3,1,6164),
(9,3,2,6165),
(9,3,3,6166),
(9,3,4,6167),
(9,3,5,6168),
(9,4,1,6169),
(9,4,2,6170),
(9,4,3,6171),
(9,4,4,6172),
(9,4,5,6173),
(10,1,1,6174),
(10,1,2,6175),
(10,1,3,6176),
(10,1,4,6177),
(10,1,5,6178),
(10,2,1,6179),
(10,2,2,6180),
(10,2,3,6181),
(10,2,4,6182),
(10,2,5,6183),
(10,3,1,6184),
(10,3,2,6185),
(10,3,3,6186),
(10,3,4,6187),
(10,3,5,6188),
(10,4,1,6189),
(10,4,2,6190),
(10,4,3,6191),
(10,4,4,6192),
(10,4,5,6193),
(11,1,1,6194),
(11,1,2,6195),
(11,1,3,6196),
(11,1,4,6197),
(11,1,5,6198),
(11,2,1,6199),
(11,2,2,6400),
(11,2,3,6401),
(11,2,4,6402),
(11,2,5,6403),
(11,3,1,6404),
(11,3,2,6405),
(11,3,3,6406),
(11,3,4,6407),
(11,3,5,6408),
(11,4,1,6409),
(11,4,2,6410),
(11,4,3,6411),
(11,4,4,6412),
(11,4,5,6413),
(100,1,1,5274),
(100,1,2,5275),
(100,1,3,5276),
(100,1,4,5277),
(100,1,5,5033),
(100,2,1,5278),
(100,2,2,5279),
(100,2,3,5280),
(100,2,4,5281),
(100,2,5,5032),
(100,3,1,5282),
(100,3,2,5283),
(100,3,3,5284),
(100,3,4,5285),
(100,3,5,5037),
(101,1,1,5073),
(101,1,2,5360),
(101,1,3,5072),
(101,1,4,5361),
(101,1,5,5063),
(101,2,1,5362),
(101,2,2,5294),
(101,2,3,5295),
(101,2,4,5409),
(101,2,5,5065),
(101,3,1,5076),
(101,3,2,5363),
(101,3,3,5297),
(101,3,4,5364),
(101,3,5,5067),
(102,4,1,5296),
(102,4,2,5365),
(102,4,3,5074),
(102,4,4,5366),
(102,4,5,5071),
(102,1,1,5298),
(102,1,2,5367),
(102,1,3,5221),
(102,1,4,5368),
(102,1,5,5214),
(102,2,1,5218),
(102,2,2,5369),
(102,2,3,5217),
(102,2,4,5370),
(102,2,5,5213),
(103,3,1,5216),
(103,3,2,5371),
(103,3,3,5220),
(103,3,4,5372),
(103,3,5,5212),
(103,4,1,5299),
(103,4,2,5373),
(103,4,3,5219),
(103,4,4,5374),
(103,4,5,5211),
(103,1,1,5324),
(103,1,2,5325),
(103,1,3,5223),
(103,1,4,5326),
(103,1,5,5229),
(104,2,1,5225),
(104,2,2,5327),
(104,2,3,5224),
(104,2,4,5328),
(104,2,5,5230),
(104,3,1,5222),
(104,3,2,5329),
(104,3,3,5226),
(104,3,4,5330),
(104,3,5,5231),
(104,4,1,5227),
(104,4,2,5331),
(104,4,3,5228),
(104,4,4,5332),
(104,4,5,5233),
(105,1,1,5333),
(105,1,2,5247),
(105,1,3,5334),
(105,1,4,5335),
(105,1,5,5254),
(105,2,1,5336),
(105,2,2,5337),
(105,2,3,5338),
(105,2,4,5339),
(105,2,5,5255),
(105,3,1,5340),
(105,3,2,5341),
(105,3,3,5342),
(105,3,4,5343),
(105,3,5,5256),
(106,4,1,5344),
(106,4,2,5252),
(106,4,3,5253),
(106,4,4,5345),
(106,4,5,5257),
(106,5,1,5346),
(106,5,2,5248),
(106,5,3,5249),
(106,5,4,5347),
(106,5,5,5258),
(106,1,1,5250),
(106,1,2,5348),
(106,1,3,5259),
(106,1,4,5349),
(106,1,5,5269),
(107,2,1,5350),
(107,2,2,5260),
(107,2,3,5261),
(107,2,4,5351),
(107,2,5,5268),
(107,3,1,5358),
(107,3,2,5262),
(107,3,3,5263),
(107,3,4,5359),
(107,3,5,5271),
(107,4,1,5352),
(107,4,2,5353),
(107,4,3,5354),
(107,4,4,5355),
(107,4,5,5267),
(108,5,1,5356),
(108,5,2,5264),
(108,5,3,5265),
(108,5,4,5357),
(108,5,5,5266),
(108,1,1,6072),
(108,1,2,6073),
(108,1,3,6074),
(108,1,4,6075),
(108,1,5,6077),
(108,2,1,6078),
(108,2,2,6079),
(108,2,3,6080),
(108,2,4,6081),
(108,2,5,6083),
(109,3,1,6084),
(109,3,2,6085),
(109,3,3,6086),
(109,3,4,6087),
(109,3,5,6089),
(109,4,1,6090),
(109,4,2,6091),
(109,4,3,6092),
(109,4,4,6093),
(109,4,5,6095),
(109,1,1,6128),
(109,1,2,6129),
(109,1,3,6130),
(109,1,4,6131),
(109,1,5,6132),
(110,2,1,6134),
(110,2,2,6135),
(110,2,3,6136),
(110,2,4,6137),
(110,2,5,6138),
(110,3,1,6139),
(110,3,2,6140),
(110,3,3,6141),
(110,3,4,6142),
(110,3,5,6143),
(110,4,1,6144),
(110,4,2,6145),
(110,4,3,6146),
(110,4,4,6147),
(110,4,5,6148),
(111,5,1,6149),
(111,5,2,6150),
(111,5,3,6151),
(111,5,4,6152),
(111,5,5,6153),
(111,1,1,6154),
(111,1,2,6155),
(111,1,3,6156),
(111,1,4,6157),
(111,1,5,6158),
(111,2,1,6159),
(111,2,2,6160),
(111,2,3,6161),
(111,2,4,6162),
(111,2,5,6163),
(112,3,1,6164),
(112,3,2,6165),
(112,3,3,6166),
(112,3,4,6167),
(112,3,5,6168),
(112,4,1,6169),
(112,4,2,6170),
(112,4,3,6171),
(112,4,4,6172),
(112,4,5,6173),
(112,1,1,6174),
(112,1,2,6175),
(112,1,3,6176),
(112,1,4,6177),
(112,1,5,6178),
(113,2,1,6179),
(113,2,2,6180),
(113,2,3,6181),
(113,2,4,6182),
(113,2,5,6183),
(113,3,1,6184),
(113,3,2,6185),
(113,3,3,6186),
(113,3,4,6187),
(113,3,5,6188),
(113,4,1,6189),
(113,4,2,6190),
(113,4,3,6191),
(113,4,4,6192),
(113,4,5,6193),
(114,1,1,6194),
(114,1,2,6195),
(114,1,3,6196),
(114,1,4,6197),
(114,1,5,6198),
(114,2,1,6199),
(114,2,2,6400),
(114,2,3,6401),
(114,2,4,6402),
(114,2,5,6403),
(114,3,1,6404),
(114,3,2,6405),
(114,3,3,6406),
(114,3,4,6407),
(114,3,5,6408),
(115,4,1,6409),
(115,4,2,6410),
(115,4,3,6411),
(115,4,4,6412),
(115,4,5,6413);
