INSERT INTO `coupleinfo` VALUES
(0,0,0,0,0,0.000000,0),
(1,49,0,0,0,0.000000,0),
(2,62,20,5,5,0.100000,1),
(3,77,43,12,12,0.220000,2),
(4,96,71,19,19,0.360000,3),
(5,117,104,28,28,0.530000,5),
(6,142,142,37,37,0.730000,6),
(7,170,186,48,48,0.950000,8),
(8,201,235,60,60,1.200000,10),
(9,235,290,74,74,1.480000,13),
(10,273,351,88,88,1.780000,15),
(11,313,418,104,104,2.120000,18),
(12,356,491,121,121,2.480000,21),
(13,403,570,140,140,2.870000,24),
(14,453,655,159,159,3.290000,27),
(15,505,746,180,180,3.730000,31),
(16,561,843,203,203,4.200000,34),
(17,620,946,226,226,4.710000,38),
(18,682,1055,251,251,5.240000,42),
(19,747,1169,277,277,5.790000,47),
(20,816,1289,304,304,6.370000,51),
(21,887,1414,332,332,6.980000,56),
(22,962,1544,361,361,7.610000,61),
(23,1039,1678,390,390,8.260000,66),
(24,1120,1816,421,421,8.930000,71),
(25,1204,1958,453,453,9.630000,76),
(26,1291,2104,485,485,10.340000,81),
(27,1381,2252,518,518,11.080000,87),
(28,1474,2403,551,551,11.830000,92),
(29,1570,2555,584,584,12.590000,98),
(30,1669,2709,618,618,13.360000,103),
(31,1772,2864,652,652,14.150000,109),
(32,1877,3019,686,686,14.940000,114),
(33,1986,3174,720,720,15.740000,120),
(34,2097,3327,753,753,16.540000,125),
(35,2212,3479,786,786,17.340000,130),
(36,2330,3628,819,819,18.150000,136),
(37,2451,3774,850,850,18.940000,141),
(38,2575,3915,881,881,19.730000,146),
(39,2703,4052,911,911,20.520000,150),
(40,2833,4182,939,939,21.290000,155),
(41,2966,4305,966,966,22.040000,159),
(42,3103,4420,991,991,22.780000,162),
(43,3243,4526,1015,1015,23.490000,166),
(44,3385,4622,1036,1036,24.180000,169),
(45,3531,4706,1055,1055,24.840000,171),
(46,3680,4779,1072,1072,25.470000,174);
