INSERT INTO `cubeCount` VALUES
(0,0,0),
(1,0,2),
(1,1,1),
(1,2,2),
(2,0,3),
(2,1,1),
(2,2,2),
(3,0,3),
(3,1,2),
(3,2,2),
(4,0,3),
(4,1,3),
(4,2,2),
(5,0,3),
(5,1,2),
(5,2,2),
(5,3,1),
(6,0,3),
(6,1,3),
(6,2,3),
(7,0,4),
(7,1,2),
(7,2,2),
(7,3,2),
(8,0,4),
(8,1,3),
(8,2,2),
(8,3,2),
(9,0,4),
(9,1,3),
(9,2,3),
(9,3,2),
(10,0,4),
(10,1,4),
(10,2,2),
(10,3,2),
(11,0,4),
(11,1,4),
(11,2,3),
(11,3,2),
(12,0,4),
(12,1,3),
(12,2,3),
(12,3,2),
(12,4,1),
(12,5,1),
(13,0,4),
(13,1,3),
(13,2,3),
(13,3,2),
(13,4,2),
(13,5,1),
(14,0,4),
(14,1,4),
(14,2,3),
(14,3,3),
(14,4,2),
(15,0,4),
(15,1,3),
(15,2,2),
(15,3,2),
(15,4,2),
(15,5,2),
(15,6,1),
(16,0,4),
(16,1,3),
(16,2,3),
(16,3,3),
(16,4,2),
(16,5,2),
(17,0,4),
(17,1,4),
(17,2,3),
(17,3,3),
(17,4,2),
(17,5,2),
(17,6,0),
(18,0,4),
(18,1,4),
(18,2,3),
(18,3,3),
(18,4,2),
(18,5,2),
(18,6,1),
(19,0,4),
(19,1,4),
(19,2,3),
(19,3,3),
(19,4,2),
(19,5,2),
(19,6,2),
(20,0,4),
(20,1,4),
(20,2,3),
(20,3,3),
(20,4,2),
(20,5,2),
(20,6,1),
(20,7,1);
