INSERT INTO `dreamer_template` VALUES
(1,1,1,2,2,4,5,'1,1|2,1|3,1|8,1'),
(2,1,2,3,3,7,4,'1,1|2,1|3,1|5,1|8,2'),
(3,1,3,4,4,10,3,'1,1|2,1|3,1|5,2|8,5'),
(4,1,4,5,5,12,2,'1,1|2,1|3,1|5,3|6,1|8,5'),
(5,1,5,6,6,15,1,'2,1|3,1|5,5|6,1|7,1|8,6'),
(6,2,1,2,2,4,5,'1,1|2,1|3,1|8,1'),
(7,2,2,3,3,7,4,'1,1|2,1|3,1|5,1|8,2'),
(8,2,3,4,4,10,3,'1,1|2,1|3,1|5,2|8,5'),
(9,2,4,5,5,12,2,'1,1|2,1|3,1|5,3|6,1|8,5'),
(10,2,5,6,6,15,1,'2,1|3,1|5,5|6,1|7,1|8,6'),
(11,3,1,2,2,4,5,'1,1|2,1|3,1|8,1'),
(12,3,2,3,3,7,4,'1,1|2,1|3,1|5,1|8,2'),
(13,3,3,4,4,10,3,'1,1|2,1|3,1|5,2|8,5'),
(14,3,4,5,5,12,2,'1,1|2,1|3,1|5,3|6,1|8,5'),
(15,3,5,6,6,15,1,'2,1|3,1|5,5|6,1|7,1|8,6'),
(16,4,1,2,2,4,5,'1,1|2,1|3,1|8,1'),
(17,4,2,3,3,7,4,'1,1|2,1|3,1|5,1|8,2'),
(18,4,3,4,4,10,3,'1,1|2,1|3,1|5,2|8,5'),
(19,4,4,5,5,12,2,'1,1|2,1|3,1|5,3|6,1|8,5'),
(20,4,5,6,6,15,1,'2,1|3,1|5,5|6,1|7,1|8,6'),
(21,5,1,2,2,4,5,'1,1|2,1|3,1|8,1'),
(22,5,2,3,3,7,4,'1,1|2,1|3,1|5,1|8,2'),
(23,5,3,4,4,10,3,'1,1|2,1|3,1|5,2|8,5'),
(24,5,4,5,5,12,2,'1,1|2,1|3,1|5,3|6,1|8,5'),
(25,5,5,6,6,15,1,'2,1|3,1|5,5|6,1|7,1|8,6'),
(26,6,1,2,2,4,5,'1,1|2,1|3,1|8,1'),
(27,6,2,3,3,7,4,'1,1|2,1|3,1|5,1|8,2'),
(28,6,3,4,4,10,3,'1,1|2,1|3,1|5,2|8,5'),
(29,6,4,5,5,12,2,'1,1|2,1|3,1|5,3|6,1|8,5'),
(30,6,5,6,6,15,1,'2,1|3,1|5,5|6,1|7,1|8,6'),
(31,7,1,2,2,4,5,'1,1|2,1|3,1|8,1'),
(32,7,2,3,3,7,4,'1,1|2,1|3,1|5,1|8,2'),
(33,7,3,4,4,10,3,'1,1|2,1|3,1|5,2|8,5'),
(34,7,4,5,5,12,2,'1,1|2,1|3,1|5,3|6,1|8,5'),
(35,7,5,6,6,15,1,'2,1|3,1|5,5|6,1|7,1|8,6'),
(36,8,1,2,2,4,5,'1,1|2,1|3,1|8,1'),
(37,8,2,3,3,7,4,'1,1|2,1|3,1|5,1|8,2'),
(38,8,3,4,4,10,3,'1,1|2,1|3,1|5,2|8,5'),
(39,8,4,5,5,12,2,'1,1|2,1|3,1|5,3|6,1|8,5'),
(40,8,5,6,6,15,1,'2,1|3,1|5,5|6,1|7,1|8,6');
