INSERT INTO `drinkAttr` VALUES
(65,7),
(143,15),
(234,23),
(338,32),
(455,41),
(585,50),
(728,60),
(897,72),
(1105,85),
(1365,100),
(1690,119),
(2093,141),
(2587,167),
(3185,197),
(3887,231),
(4706,269),
(5642,311),
(6695,356),
(7865,404),
(9152,456),
(10556,510),
(12077,568),
(13715,629),
(15470,692),
(17342,759),
(19331,829),
(21437,902),
(23660,979),
(26000,1058),
(28457,1140),
(31031,1224),
(33722,1311),
(36530,1399),
(39455,1490),
(42497,1584),
(45656,1679),
(48932,1777),
(52325,1877),
(55835,1980),
(59462,2085),
(63206,2193),
(67067,2304),
(71045,2418),
(75140,2534),
(79352,2654),
(83681,2777),
(88127,2903),
(92690,3032),
(97370,3165),
(102167,3300),
(107081,3439),
(112112,3581),
(117260,3726),
(122525,3874),
(127907,4026),
(133406,4180),
(139022,4338),
(144755,4499),
(150605,4663),
(156572,4830),
(162656,5000),
(168857,5173),
(175175,5350),
(181610,5530),
(188162,5713),
(194831,5899),
(201617,6089),
(208520,6281),
(215540,6477),
(222677,6676),
(229931,6878),
(237302,7084),
(244790,7292);
