INSERT INTO `dungeon_level` VALUES
(1,1,1,'10166,10167,10169',0),
(1,2,2,'10166,10167,10169',0),
(1,3,3,'10166,10167,10169',0),
(1,4,4,'10166,10167,10169',0),
(1,5,5,'10166,10167,10169',0),
(1,6,6,'10166,10167,10169',0),
(1,7,7,'10166,10167,10169',0),
(1,8,8,'10166,10167,10169',0),
(1,9,9,'10166,10167,10169',0),
(1,10,10,'10166,10167,10169',0),
(1,11,11,'10166,10167,10169',0),
(1,12,12,'10166,10167,10169',0),
(1,13,13,'10166,10167,10169',0),
(1,14,14,'10166,10167,10169',0),
(1,15,15,'10166,10167,10169',0),
(1,16,16,'10166,10167,10169',0),
(1,17,17,'10166,10167,10169',0),
(1,18,18,'10166,10167,10169',0),
(1,19,19,'10166,10167,10169',0),
(1,20,20,'10166,10169,10244,10165',0),
(1,21,21,'10166,10167,10169',0),
(1,22,22,'10166,10167,10169',0),
(1,23,23,'10166,10167,10169',0),
(1,24,24,'10166,10167,10169',0),
(1,25,25,'10166,10167,10169',0),
(1,26,26,'10166,10167,10169',0),
(1,27,27,'10166,10167,10169',0),
(1,28,28,'10166,10167,10169',0),
(1,29,29,'10166,10167,10169',0),
(1,30,30,'10166,10169,10244,10165',0),
(1,31,31,'10166,10167,10169',0),
(1,32,32,'10166,10167,10169',0),
(1,33,33,'10166,10167,10169',0),
(1,34,34,'10166,10167,10169',0),
(1,35,35,'10166,10167,10169',0),
(1,36,36,'10166,10167,10169',0),
(1,37,37,'10166,10167,10169',0),
(1,38,38,'10166,10167,10169',0),
(1,39,39,'10166,10167,10169',0),
(1,40,40,'10166,10171,10165,10265',0),
(1,41,41,'10166,10167,10169',0),
(1,42,42,'10166,10167,10169',0),
(1,43,43,'10166,10167,10169',0),
(1,44,44,'10166,10167,10169',0),
(1,45,45,'10166,10167,10169',0),
(1,46,46,'10166,10167,10169',0),
(1,47,47,'10166,10167,10169',0),
(1,48,48,'10166,10167,10169',0),
(1,49,49,'10166,10167,10169',0),
(1,50,50,'10166,10172,10266',0),
(2,1,51,'10177,10178,10180',0),
(2,2,52,'10177,10178,10180',0),
(2,3,53,'10177,10178,10180',0),
(2,4,54,'10177,10178,10180',0),
(2,5,55,'10177,10178,10180',0),
(2,6,56,'10177,10178,10180',0),
(2,7,57,'10177,10178,10180',0),
(2,8,58,'10177,10178,10180',0),
(2,9,59,'10177,10178,10180',0),
(2,10,60,'10177,10178,10180,10176',0),
(2,11,61,'10177,10178,10180',0),
(2,12,62,'10177,10178,10180',0),
(2,13,63,'10177,10178,10180',0),
(2,14,64,'10177,10178,10180',0),
(2,15,65,'10177,10178,10180',0),
(2,16,66,'10177,10178,10180',0),
(2,17,67,'10177,10178,10180',0),
(2,18,68,'10177,10178,10180',0),
(2,19,69,'10177,10178,10180',0),
(2,20,70,'10177,10182,10176',0),
(2,21,71,'10177,10178,10180',0),
(2,22,72,'10177,10178,10180',0),
(2,23,73,'10177,10178,10180',0),
(2,24,74,'10177,10178,10180',0),
(2,25,75,'10177,10178,10180',0),
(2,26,76,'10177,10178,10180',0),
(2,27,77,'10177,10178,10180',0),
(2,28,78,'10177,10178,10180',0),
(2,29,79,'10177,10178,10180',0),
(2,30,80,'10177,10182,10176,10267',0),
(2,31,81,'10177,10178,10180',0),
(2,32,82,'10177,10178,10180',0),
(2,33,83,'10177,10178,10180',0),
(2,34,84,'10177,10178,10180',0),
(2,35,85,'10177,10178,10180',0),
(2,36,86,'10177,10178,10180',0),
(2,37,87,'10177,10178,10180',0),
(2,38,88,'10177,10178,10180',0),
(2,39,89,'10177,10178,10180',0),
(2,40,90,'10177,10182,10176,10494',0),
(2,41,91,'10177,10178,10180',0),
(2,42,92,'10177,10178,10180',0),
(2,43,93,'10177,10178,10180',0),
(2,44,94,'10177,10178,10180',0),
(2,45,95,'10177,10178,10180',0),
(2,46,96,'10177,10178,10180',0),
(2,47,97,'10177,10178,10180',0),
(2,48,98,'10177,10178,10180',0),
(2,49,99,'10177,10178,10180',0),
(2,50,100,'10177,10183,10176',0),
(3,1,101,'10188,10189,10191',0),
(3,2,102,'10188,10189,10191',0),
(3,3,103,'10188,10189,10191',0),
(3,4,104,'10188,10189,10191',0),
(3,5,105,'10188,10189,10191',0),
(3,6,106,'10188,10189,10191',0),
(3,7,107,'10188,10189,10191',0),
(3,8,108,'10188,10189,10191',0),
(3,9,109,'10188,10189,10191',0),
(3,10,110,'10188,10189,10191',0),
(3,11,111,'10188,10189,10191',0),
(3,12,112,'10188,10189,10191',0),
(3,13,113,'10188,10189,10191',0),
(3,14,114,'10188,10189,10191',0),
(3,15,115,'10188,10189,10191',0),
(3,16,116,'10188,10189,10191',0),
(3,17,117,'10188,10189,10191',0),
(3,18,118,'10188,10189,10191',0),
(3,19,119,'10188,10189,10191',0),
(3,20,120,'10188,10189,10187',0),
(3,21,121,'10188,10189,10191',0),
(3,22,122,'10188,10189,10191',0),
(3,23,123,'10188,10189,10191',0),
(3,24,124,'10188,10189,10191',0),
(3,25,125,'10188,10189,10191',0),
(3,26,126,'10188,10189,10191',0),
(3,27,127,'10188,10189,10191',0),
(3,28,128,'10188,10189,10191',0),
(3,29,129,'10188,10189,10191',0),
(3,30,130,'10188,10189,10193,10187',0),
(3,31,131,'10188,10189,10191',0),
(3,32,132,'10188,10189,10191',0),
(3,33,133,'10188,10189,10191',0),
(3,34,134,'10188,10189,10191',0),
(3,35,135,'10188,10189,10191',0),
(3,36,136,'10188,10189,10191',0),
(3,37,137,'10188,10189,10191',0),
(3,38,138,'10188,10189,10191',0),
(3,39,139,'10188,10189,10191',0),
(3,40,140,'10188,10193,10187,10269',0),
(3,41,141,'10188,10189,10191',0),
(3,42,142,'10188,10189,10191',0),
(3,43,143,'10188,10189,10191',0),
(3,44,144,'10188,10189,10191',0),
(3,45,145,'10188,10189,10191',0),
(3,46,146,'10188,10189,10191',0),
(3,47,147,'10188,10189,10191',0),
(3,48,148,'10188,10189,10191',0),
(3,49,149,'10188,10189,10191',0),
(3,50,150,'10188,10194,10187,10495',0),
(4,1,151,'10338,10339,10340',0),
(4,2,152,'10338,10339,10340',0),
(4,3,153,'10338,10339,10340',0),
(4,4,154,'10338,10339,10340',0),
(4,5,155,'10338,10339,10340',0),
(4,6,156,'10338,10339,10340',0),
(4,7,157,'10338,10339,10340',0),
(4,8,158,'10338,10339,10340',0),
(4,9,159,'10338,10339,10340',0),
(4,10,160,'10338,10339,10340',0),
(4,11,161,'10338,10339,10340',0),
(4,12,162,'10338,10339,10340',0),
(4,13,163,'10338,10339,10340',0),
(4,14,164,'10338,10339,10340',0),
(4,15,165,'10338,10339,10340',0),
(4,16,166,'10338,10339,10340',0),
(4,17,167,'10338,10339,10340',0),
(4,18,168,'10338,10339,10340',0),
(4,19,169,'10338,10339,10340',0),
(4,20,170,'10338,10339,10340',0),
(4,21,171,'10338,10339,10340',0),
(4,22,172,'10338,10339,10340',0),
(4,23,173,'10338,10339,10340',0),
(4,24,174,'10338,10339,10340',0),
(4,25,175,'10338,10339,10340',0),
(4,26,176,'10338,10339,10340',0),
(4,27,177,'10338,10339,10340',0),
(4,28,178,'10338,10339,10340',0),
(4,29,179,'10338,10339,10340',0),
(4,30,180,'10338,10339,10340',0),
(4,31,181,'10338,10339,10340',0),
(4,32,182,'10338,10339,10340',0),
(4,33,183,'10338,10339,10340',0),
(4,34,184,'10338,10339,10340',0),
(4,35,185,'10338,10339,10340',0),
(4,36,186,'10338,10339,10340',0),
(4,37,187,'10338,10339,10340',0),
(4,38,188,'10338,10339,10340',0),
(4,39,189,'10338,10339,10340',0),
(4,40,190,'10338,10339,10341,10343',0),
(4,41,191,'10338,10339,10340',0),
(4,42,192,'10338,10339,10340',0),
(4,43,193,'10338,10339,10340',0),
(4,44,194,'10338,10339,10340',0),
(4,45,195,'10338,10339,10340',0),
(4,46,196,'10338,10339,10340',0),
(4,47,197,'10338,10339,10340',0),
(4,48,198,'10338,10339,10340',0),
(4,49,199,'10338,10339,10340',0),
(4,50,200,'10337,10339,10340,10342,10344',0),
(5,1,201,'10430,10431,10432',0),
(5,2,202,'10430,10431,10432',0),
(5,3,203,'10430,10431,10432',0),
(5,4,204,'10430,10431,10432',0),
(5,5,205,'10430,10431,10432',0),
(5,6,206,'10430,10431,10432',0),
(5,7,207,'10430,10431,10432',0),
(5,8,208,'10430,10431,10432',0),
(5,9,209,'10430,10431,10432',0),
(5,10,210,'10429,10430,10433',0),
(5,11,211,'10430,10431,10432',0),
(5,12,212,'10430,10431,10432',0),
(5,13,213,'10430,10431,10432',0),
(5,14,214,'10430,10431,10432',0),
(5,15,215,'10430,10431,10432',0),
(5,16,216,'10430,10431,10432',0),
(5,17,217,'10430,10431,10432',0),
(5,18,218,'10430,10431,10432',0),
(5,19,219,'10430,10431,10432',0),
(5,20,220,'10429,10430,10433',0),
(5,21,221,'10430,10431,10432',0),
(5,22,222,'10430,10431,10432',0),
(5,23,223,'10430,10431,10432',0),
(5,24,224,'10430,10431,10432',0),
(5,25,225,'10430,10431,10432',0),
(5,26,226,'10430,10431,10432',0),
(5,27,227,'10430,10431,10432',0),
(5,28,228,'10430,10431,10432',0),
(5,29,229,'10430,10431,10432',0),
(5,30,230,'10429,10430,10433',0),
(5,31,231,'10430,10431,10432',0),
(5,32,232,'10430,10431,10432',0),
(5,33,233,'10430,10431,10432',0),
(5,34,234,'10430,10431,10432',0),
(5,35,235,'10430,10431,10432',0),
(5,36,236,'10430,10431,10432',0),
(5,37,237,'10430,10431,10432',0),
(5,38,238,'10430,10431,10432',0),
(5,39,239,'10430,10431,10432',0),
(5,40,240,'10429,10430,10433',0),
(5,41,241,'10430,10431,10432',0),
(5,42,242,'10430,10431,10432',0),
(5,43,243,'10430,10431,10432',0),
(5,44,244,'10430,10431,10432',0),
(5,45,245,'10430,10431,10432',0),
(5,46,246,'10430,10431,10432',0),
(5,47,247,'10430,10431,10432',0),
(5,48,248,'10430,10431,10432',0),
(5,49,249,'10430,10431,10432',0),
(5,50,250,'10429,10430,10434,10435',0),
(1,1,251,'10166,10167,10169',1),
(1,2,252,'10166,10167,10169',1),
(1,3,253,'10166,10167,10169',1),
(1,4,254,'10166,10167,10169',1),
(1,5,255,'10166,10167,10169',1),
(1,6,256,'10166,10167,10169',1),
(1,7,257,'10166,10167,10169',1),
(1,8,258,'10166,10167,10169',1),
(1,9,259,'10166,10167,10169',1),
(1,10,260,'10166,10167,10169',1),
(1,11,261,'10166,10167,10169',1),
(1,12,262,'10166,10167,10169',1),
(1,13,263,'10166,10167,10169',1),
(1,14,264,'10166,10167,10169',1),
(1,15,265,'10166,10167,10169',1),
(1,16,266,'10166,10167,10169',1),
(1,17,267,'10166,10167,10169',1),
(1,18,268,'10166,10167,10169',1),
(1,19,269,'10166,10167,10169',1),
(1,20,270,'10166,10169,10244,10165',1),
(1,21,271,'10166,10167,10169',1),
(1,22,272,'10166,10167,10169',1),
(1,23,273,'10166,10167,10169',1),
(1,24,274,'10166,10167,10169',1),
(1,25,275,'10166,10167,10169',1),
(1,26,276,'10166,10167,10169',1),
(1,27,277,'10166,10167,10169',1),
(1,28,278,'10166,10167,10169',1),
(1,29,279,'10166,10167,10169',1),
(1,30,280,'10166,10169,10244,10165,10900',1),
(1,31,281,'10166,10167,10169',1),
(1,32,282,'10166,10167,10169',1),
(1,33,283,'10166,10167,10169',1),
(1,34,284,'10166,10167,10169',1),
(1,35,285,'10166,10167,10169',1),
(1,36,286,'10166,10167,10169',1),
(1,37,287,'10166,10167,10169',1),
(1,38,288,'10166,10167,10169',1),
(1,39,289,'10166,10167,10169',1),
(1,40,290,'10166,10171,10165,10265',1),
(1,41,291,'10166,10167,10169',1),
(1,42,292,'10166,10167,10169',1),
(1,43,293,'10166,10167,10169',1),
(1,44,294,'10166,10167,10169',1),
(1,45,295,'10166,10167,10169',1),
(1,46,296,'10166,10167,10169',1),
(1,47,297,'10166,10167,10169',1),
(1,48,298,'10166,10167,10169',1),
(1,49,299,'10166,10167,10169',1),
(1,50,300,'10166,10172,10266,10901',1),
(2,1,301,'10177,10178,10180',1),
(2,2,302,'10177,10178,10180',1),
(2,3,303,'10177,10178,10180',1),
(2,4,304,'10177,10178,10180',1),
(2,5,305,'10177,10178,10180',1),
(2,6,306,'10177,10178,10180',1),
(2,7,307,'10177,10178,10180',1),
(2,8,308,'10177,10178,10180',1),
(2,9,309,'10177,10178,10180',1),
(2,10,310,'10177,10178,10180,10176',1),
(2,11,311,'10177,10178,10180',1),
(2,12,312,'10177,10178,10180',1),
(2,13,313,'10177,10178,10180',1),
(2,14,314,'10177,10178,10180',1),
(2,15,315,'10177,10178,10180',1),
(2,16,316,'10177,10178,10180',1),
(2,17,317,'10177,10178,10180',1),
(2,18,318,'10177,10178,10180',1),
(2,19,319,'10177,10178,10180',1),
(2,20,320,'10177,10182,10176',1),
(2,21,321,'10177,10178,10180',1),
(2,22,322,'10177,10178,10180',1),
(2,23,323,'10177,10178,10180',1),
(2,24,324,'10177,10178,10180',1),
(2,25,325,'10177,10178,10180',1),
(2,26,326,'10177,10178,10180',1),
(2,27,327,'10177,10178,10180',1),
(2,28,328,'10177,10178,10180',1),
(2,29,329,'10177,10178,10180',1),
(2,30,330,'10177,10182,10176,10267,10900',1),
(2,31,331,'10177,10178,10180',1),
(2,32,332,'10177,10178,10180',1),
(2,33,333,'10177,10178,10180',1),
(2,34,334,'10177,10178,10180',1),
(2,35,335,'10177,10178,10180',1),
(2,36,336,'10177,10178,10180',1),
(2,37,337,'10177,10178,10180',1),
(2,38,338,'10177,10178,10180',1),
(2,39,339,'10177,10178,10180',1),
(2,40,340,'10177,10182,10176,10494',1),
(2,41,341,'10177,10178,10180',1),
(2,42,342,'10177,10178,10180',1),
(2,43,343,'10177,10178,10180',1),
(2,44,344,'10177,10178,10180',1),
(2,45,345,'10177,10178,10180',1),
(2,46,346,'10177,10178,10180',1),
(2,47,347,'10177,10178,10180',1),
(2,48,348,'10177,10178,10180',1),
(2,49,349,'10177,10178,10180',1),
(2,50,350,'10177,10183,10176,10901',1),
(3,1,351,'10188,10189,10191',1),
(3,2,352,'10188,10189,10191',1),
(3,3,353,'10188,10189,10191',1),
(3,4,354,'10188,10189,10191',1),
(3,5,355,'10188,10189,10191',1),
(3,6,356,'10188,10189,10191',1),
(3,7,357,'10188,10189,10191',1),
(3,8,358,'10188,10189,10191',1),
(3,9,359,'10188,10189,10191',1),
(3,10,360,'10188,10189,10191',1),
(3,11,361,'10188,10189,10191',1),
(3,12,362,'10188,10189,10191',1),
(3,13,363,'10188,10189,10191',1),
(3,14,364,'10188,10189,10191',1),
(3,15,365,'10188,10189,10191',1),
(3,16,366,'10188,10189,10191',1),
(3,17,367,'10188,10189,10191',1),
(3,18,368,'10188,10189,10191',1),
(3,19,369,'10188,10189,10191',1),
(3,20,370,'10188,10189,10187',1),
(3,21,371,'10188,10189,10191',1),
(3,22,372,'10188,10189,10191',1),
(3,23,373,'10188,10189,10191',1),
(3,24,374,'10188,10189,10191',1),
(3,25,375,'10188,10189,10191',1),
(3,26,376,'10188,10189,10191',1),
(3,27,377,'10188,10189,10191',1),
(3,28,378,'10188,10189,10191',1),
(3,29,379,'10188,10189,10191',1),
(3,30,380,'10188,10189,10193,10187，10902',1),
(3,31,381,'10188,10189,10191',1),
(3,32,382,'10188,10189,10191',1),
(3,33,383,'10188,10189,10191',1),
(3,34,384,'10188,10189,10191',1),
(3,35,385,'10188,10189,10191',1),
(3,36,386,'10188,10189,10191',1),
(3,37,387,'10188,10189,10191',1),
(3,38,388,'10188,10189,10191',1),
(3,39,389,'10188,10189,10191',1),
(3,40,390,'10188,10193,10187,10269',1),
(3,41,391,'10188,10189,10191',1),
(3,42,392,'10188,10189,10191',1),
(3,43,393,'10188,10189,10191',1),
(3,44,394,'10188,10189,10191',1),
(3,45,395,'10188,10189,10191',1),
(3,46,396,'10188,10189,10191',1),
(3,47,397,'10188,10189,10191',1),
(3,48,398,'10188,10189,10191',1),
(3,49,399,'10188,10189,10191',1),
(3,50,400,'10188,10194,10187,10495，10903',1),
(4,1,401,'10338,10339,10340',1),
(4,2,402,'10338,10339,10340',1),
(4,3,403,'10338,10339,10340',1),
(4,4,404,'10338,10339,10340',1),
(4,5,405,'10338,10339,10340',1),
(4,6,406,'10338,10339,10340',1),
(4,7,407,'10338,10339,10340',1),
(4,8,408,'10338,10339,10340',1),
(4,9,409,'10338,10339,10340',1),
(4,10,410,'10338,10339,10340',1),
(4,11,411,'10338,10339,10340',1),
(4,12,412,'10338,10339,10340',1),
(4,13,413,'10338,10339,10340',1),
(4,14,414,'10338,10339,10340',1),
(4,15,415,'10338,10339,10340',1),
(4,16,416,'10338,10339,10340',1),
(4,17,417,'10338,10339,10340',1),
(4,18,418,'10338,10339,10340',1),
(4,19,419,'10338,10339,10340',1),
(4,20,420,'10338,10339,10340',1),
(4,21,421,'10338,10339,10340',1),
(4,22,422,'10338,10339,10340',1),
(4,23,423,'10338,10339,10340',1),
(4,24,424,'10338,10339,10340',1),
(4,25,425,'10338,10339,10340',1),
(4,26,426,'10338,10339,10340',1),
(4,27,427,'10338,10339,10340',1),
(4,28,428,'10338,10339,10340',1),
(4,29,429,'10338,10339,10340',1),
(4,30,430,'10338,10339,10340，10904',1),
(4,31,431,'10338,10339,10340',1),
(4,32,432,'10338,10339,10340',1),
(4,33,433,'10338,10339,10340',1),
(4,34,434,'10338,10339,10340',1),
(4,35,435,'10338,10339,10340',1),
(4,36,436,'10338,10339,10340',1),
(4,37,437,'10338,10339,10340',1),
(4,38,438,'10338,10339,10340',1),
(4,39,439,'10338,10339,10340',1),
(4,40,440,'10338,10339,10341,10343',1),
(4,41,441,'10338,10339,10340',1),
(4,42,442,'10338,10339,10340',1),
(4,43,443,'10338,10339,10340',1),
(4,44,444,'10338,10339,10340',1),
(4,45,445,'10338,10339,10340',1),
(4,46,446,'10338,10339,10340',1),
(4,47,447,'10338,10339,10340',1),
(4,48,448,'10338,10339,10340',1),
(4,49,449,'10338,10339,10340',1),
(4,50,450,'10337,10339,10340,10342,10344，10905',1),
(5,1,451,'10430,10431,10432',1),
(5,2,452,'10430,10431,10432',1),
(5,3,453,'10430,10431,10432',1),
(5,4,454,'10430,10431,10432',1),
(5,5,455,'10430,10431,10432',1),
(5,6,456,'10430,10431,10432',1),
(5,7,457,'10430,10431,10432',1),
(5,8,458,'10430,10431,10432',1),
(5,9,459,'10430,10431,10432',1),
(5,10,460,'10429,10430,10433',1),
(5,11,461,'10430,10431,10432',1),
(5,12,462,'10430,10431,10432',1),
(5,13,463,'10430,10431,10432',1),
(5,14,464,'10430,10431,10432',1),
(5,15,465,'10430,10431,10432',1),
(5,16,466,'10430,10431,10432',1),
(5,17,467,'10430,10431,10432',1),
(5,18,468,'10430,10431,10432',1),
(5,19,469,'10430,10431,10432',1),
(5,20,470,'10429,10430,10433',1),
(5,21,471,'10430,10431,10432',1),
(5,22,472,'10430,10431,10432',1),
(5,23,473,'10430,10431,10432',1),
(5,24,474,'10430,10431,10432',1),
(5,25,475,'10430,10431,10432',1),
(5,26,476,'10430,10431,10432',1),
(5,27,477,'10430,10431,10432',1),
(5,28,478,'10430,10431,10432',1),
(5,29,479,'10430,10431,10432',1),
(5,30,480,'10429,10430,10433，10904',1),
(5,31,481,'10430,10431,10432',1),
(5,32,482,'10430,10431,10432',1),
(5,33,483,'10430,10431,10432',1),
(5,34,484,'10430,10431,10432',1),
(5,35,485,'10430,10431,10432',1),
(5,36,486,'10430,10431,10432',1),
(5,37,487,'10430,10431,10432',1),
(5,38,488,'10430,10431,10432',1),
(5,39,489,'10430,10431,10432',1),
(5,40,490,'10429,10430,10433',1),
(5,41,491,'10430,10431,10432',1),
(5,42,492,'10430,10431,10432',1),
(5,43,493,'10430,10431,10432',1),
(5,44,494,'10430,10431,10432',1),
(5,45,495,'10430,10431,10432',1),
(5,46,496,'10430,10431,10432',1),
(5,47,497,'10430,10431,10432',1),
(5,48,498,'10430,10431,10432',1),
(5,49,499,'10430,10431,10432',1),
(5,50,500,'10429,10430,10434,10435，10905',1);
