INSERT INTO `dungeon_monster` VALUES
(1,1,'5024,6,7,8,12|5025,17',2031),
(2,1,'5024,7,12,13,16|5025,18',2031),
(3,1,'5024,6,12,13,18|5025,17',2031),
(4,1,'5024,6,7|5025,12,13,18',2125),
(5,1,'5025,1,6,7,12|5024,18',2125),
(6,1,'5025,1,6,7|5024,12|5026,18',2125),
(7,1,'5026,2,6,7,13,18',2219),
(8,1,'5026,6,11,12,13,18',2219),
(9,1,'5026,7,11,12,13,17',2219),
(10,1,'5026,6,7,12|5038,16|5039,17|5040,18',3284),
(11,1,'5027,6,7,8,12,17',2313),
(12,1,'5027,7,12,13,16,18',2313),
(13,1,'5027,6,7,8,11,16,17',2313),
(14,1,'5028,8,11,12,16,17,18',2406),
(15,1,'5028,6,7,8,11,12,18',2406),
(16,1,'5028,7,11,12,13,17,18',2406),
(17,1,'5029,7,11,13,16,17,18',2500),
(18,1,'5029,7,8,11,12,13,16',2500),
(19,1,'5029,7,8,11,12,16,18',2500),
(20,1,'5029,6,7,8|5042,8|5043,13|5044,16|5041,17',3700),
(21,1,'5030,6,7,8,11,16,18',2594),
(22,1,'5030,8,11,12,16,17,18',2594),
(23,1,'5030,6,7,8,11,12,18',2594),
(24,1,'5031,7,11,12,13,17,18',2688),
(25,1,'5031,7,11,13,16,17,18',2688),
(26,1,'5031,7,8,11,12,13,17',2688),
(27,1,'5286,7,8,11,12,16,18',2781),
(28,1,'5286,6,7,8,12,16,18',2781),
(29,1,'5286,7,8,13,16,17,18',2781),
(30,1,'5286,6,7,8,12|5045,16|5046,18',4116),
(31,1,'5287,6,7,8,11,16,17',2875),
(32,1,'5287,8,11,12,16,17,18',2875),
(33,1,'5287,6,7,8,11,12,18',2875),
(34,1,'5288,7,11,12,13,17,18',3906),
(35,1,'5288,7,11,13,16,17,18',3906),
(36,1,'5288,7,8,11,12,13,17',3906),
(37,1,'5289,7,8,11,12,16,18',4031),
(38,1,'5289,6,7,8,12,16,18',4031),
(39,1,'5289,7,8,13,16,17,18',4031),
(40,1,'5289,6,8,11,12,13|5047,17',8869),
(41,1,'5290,6,7,8,11,16,17,18',4156),
(42,1,'5290,7,8,11,12,16,17,18',4156),
(43,1,'5290,6,7,8,11,12,17,18',4156),
(44,1,'5291,7,8,11,12,13,17,18',4281),
(45,1,'5291,7,11,13,16,17,18,22',4281),
(46,1,'5291,7,8,11,12,13,17,18',4281),
(47,1,'5292,7,8,11,12,16,17,23',4406),
(48,1,'5292,6,7,8,12,16,18,22',4406),
(49,1,'5292,7,8,13,16,17,18,21',4406),
(50,1,'5048,7|5292,8,12,13,16,17,18',9969),
(51,1,'5300,6,7,8,12,17',4531),
(52,1,'5300,7,11,12,13,17',4531),
(53,1,'5300,6,7,12,13,18',4531),
(54,1,'5301,2,6,7,13,18',4656),
(55,1,'5301,11,13,16,18|5300,7',4656),
(56,1,'5301,13,17,18|5300,6,7',4656),
(57,1,'5302,7,11,12,13,17',4781),
(58,1,'5302,1,6,7,12|5301,18',4781),
(59,1,'5302,6,11,12,13,18',4781),
(60,1,'5080,18|5302,6,7,8|5301,12,13',7076),
(61,1,'5303,6,7,8,13,18',4906),
(62,1,'5303,6,8,11,12,16',4906),
(63,1,'5303,6,7,12,17,18',4906),
(64,1,'5304,7,11,12,13,17',5031),
(65,1,'5304,6,7,8,16,17,18',5031),
(66,1,'5304,7,11,12,13,17',5031),
(67,1,'5305,6,11,12,16,18',6406),
(68,1,'5305,7,11,12,13,17',6406),
(69,1,'5305,6,8,12,17,22',6406),
(70,1,'5082,17|5304,6,7|5305,11,13,18',9481),
(71,1,'5078,18|5077,7,8|5305,11,12,16',6563),
(72,1,'5078,17,18|5077,7,8|5305,11,12',6563),
(73,1,'5078,17|5077,7,8|5305,11,12,16',6563),
(74,1,'5077,7,8,11,12,13,16',6719),
(75,1,'5077,6,7,8,11,12,18',6719),
(76,1,'5077,6,7,8,12,16|5078,18',6719),
(77,1,'5306,18|5077,6,7,12,13,16',6875),
(78,1,'5306,21,23|5077,6,8,12,17',6875),
(79,1,'5306,22|5077,6,8,11,13,17',6875),
(80,1,'5084,21|5085,23|5306,22|5077,6,8,12,17,18',10175),
(81,1,'5307,6,7,8,11,12,18',7031),
(82,1,'5307,7,8,11,12,13,16',7031),
(83,1,'5307,6,7,8,12,16|5078,18',7031),
(84,1,'5308,1,6,7,12,13,18',7188),
(85,1,'5308,1,2,3,8,13,18',7188),
(86,1,'5308,1,6,7,13,18|5306,12',7188),
(87,1,'5309,7,12,13,18|5308,1,6',7344),
(88,1,'5309,7,11,13,17|5308,1,2,3',7344),
(89,1,'5309,7,11,17|5308,1,2,3|5306,13',7344),
(90,1,'5087,2|5309,6,8,11,12,13|5306,16,18',16156),
(91,1,'5310,2,3,7,8,11,16,17',7500),
(92,1,'5310,7,8,11,12,13,16,17',7500),
(93,1,'5310,6,7,8,11,12,13,17',7500),
(94,1,'5311,7,8,11,12,13,17,18',7656),
(95,1,'5311,7,11,12,13,16,17,18',7656),
(96,1,'5311,6,7,8,11,13,17,18',7656),
(97,1,'5311,7,8,11,12|5310,16,17|5312,18',7813),
(98,1,'5311,6,7,8|5310,12,16|5312,18,22',7813),
(99,1,'5311,7,8,13,16,17,18|5312,21',7813),
(100,1,'5086,22|5312,21,23|5311,1,2,3|5310,6,7,12',20969),
(101,1,'5375,6,7,8,12,17',9531),
(102,1,'5375,7,11,12,13,17',9531),
(103,1,'5375,6,7,12,13,18',9531),
(104,1,'5376,2,6,7,13,18',9719),
(105,1,'5376,11,13,16,18|5375,7',9719),
(106,1,'5376,13,17,18|5375,6,7',9719),
(107,1,'5377,7,11,12,13,17',9906),
(108,1,'5377,1,6,7,12,18',9906),
(109,1,'5377,6,11,12,13,18',9906),
(110,1,'5111,16|5112,18|5377,6,7,13',14661),
(111,1,'5378,18|5377,6,7,8,13,',10094),
(112,1,'5378,16|5377,6,8,11,12',10094),
(113,1,'5378,17,18|5379,6,7,12',10094),
(114,1,'5379,7,11,12,13|5378,17',10281),
(115,1,'5379,6,7,8,16,17|5378,18',10281),
(116,1,'5379,7,11,12|5378,13,16',10281),
(117,1,'5380,6,11,12,16|5378,18',10469),
(118,1,'5380,7,11,12,13,17',10469),
(119,1,'5380,6,8,12,17|5378,21,23',10469),
(120,1,'5113,22|5114,23|5380,6,7,12,18|5378,17',15494),
(121,1,'5381,7,8,11,12,13|5383,16,17',10656),
(122,1,'5378,17,18|5381,7,8,11,12',10656),
(123,1,'5383,17|5381,7,8,11,12,16',10656),
(124,1,'5382,7,8,11,12,13|5383,16,17',10844),
(125,1,'5382,6,7,8,11,12,18',10844),
(126,1,'5382,6,7,8,12,16|5383,18',10844),
(127,1,'5383,18|5382,6,7,12,13,16',11031),
(128,1,'5383,21,23|5382,6,8,12,17',11031),
(129,1,'5383,22|5382,6,8,11,13,17',11031),
(130,1,'5115,21|5116,22|5383,16|5382,6,7,13,18',16326),
(131,1,'5384,6,7,8,11,12,18',11219),
(132,1,'5384,7,8,11,12,13,16',11219),
(133,1,'5384,6,7,8,12,16|5383,18',11219),
(134,1,'5385,1,6,7,12,13,18',13281),
(135,1,'5385,1,2,3,8,13,18',13281),
(136,1,'5385,1,6,7,13,18|5383,12,16',13281),
(137,1,'5386,6,7,12,13,18|5383,16',13500),
(138,1,'5386,6,7,11,13,17|5383,18',13500),
(139,1,'5386,6,7,8,11,12,17|5383,13',13500),
(140,1,'5117,17|5386,6,7,8,11,12|5383,16',29700),
(141,1,'5387,2,3,7,8,11,16,17',13719),
(142,1,'5387,7,8,11,12,13,16,17',13719),
(143,1,'5387,6,7,8,11,12,13,17',13719),
(144,1,'5387,7,8,11,12,13,17|5388,18',13938),
(145,1,'5387,7,11,12,13,16|5388,17,18',13938),
(146,1,'5387,6,7,8,11,13,17|5388,18',13938),
(147,1,'5389,7,8,11,12|5387,16,17|5388,18',14156),
(148,1,'5389,6,7,8|5387,12,16|5388,18,22',14156),
(149,1,'5389,7,8,13,16,17,18|5388,21',14156),
(150,1,'5118,22|5388,21,23|5389,1,6,7,12,13,18',31625),
(151,1,'5234,6,7,8,13,17|5235,20,22',14375),
(152,1,'5234,1,2,12,13,17|5235,6,7',14375),
(153,1,'5234,6,7,12,13,18|5235，20,21',14375),
(154,1,'5235,2,6,7,13,18|5236,20,21',14594),
(155,1,'5235,11,13,16,18|5236,7,8,9',14594),
(156,1,'5235,13,17,18|5234,6,7|5236,20,21',14594),
(157,1,'5236,7,11,12,13,17|5235,20,21',14813),
(158,1,'5236,1,6,7,12,18|5235,19,20',14813),
(159,1,'5236,6,11,12,13,18|5235,23,24',14813),
(160,1,'5240,20|5241,24|5236,2,3,4|5235,6,7,8',22246),
(161,1,'5237,0,1,18|5236,6,7,8,13,',15250),
(162,1,'5237,16,20,21,22|5236,8,11,12',15250),
(163,1,'5237,1,2,17,18|5238,6,7,12',15250),
(164,1,'5238,7,11,12,13|5237,17,18,19',17656),
(165,1,'5238,6,7,8,16,17|5237,18,20,21',17656),
(166,1,'5238,6,7,8,11,12|5237,13,16',17656),
(167,1,'5239,6,11,12,16|5237,18,19,20',17906),
(168,1,'5239,7,11,12,13,17|5238,3,4',17906),
(169,1,'5239,6,8,12,17|5238,21,23|5237,24',17906),
(170,1,'5242,18|5239,6,7,8,11,12,13|5390,16,17',26871),
(171,1,'5390,0,1,18|5391,6,7,8,13,',18406),
(172,1,'5390,16,20,21,22|5391,8,11,12',18406),
(173,1,'5390,1,2,17,18|5391,6,7,12',18406),
(174,1,'5391,7,11,12,13|5390,17,18,19',18656),
(175,1,'5391,6,7,8,16,17|5390,18,20,21',18656),
(176,1,'5391,6,7,8,11,12|5390,13,16',18656),
(177,1,'5392,6,11,12,16|5391,18,19,20',18906),
(178,1,'5392,7,11,12,13,17|5391,3,4',18906),
(179,1,'5392,6,8,12,17|5391,21,23|5393,22,24',18906),
(180,1,'5243,20|5244,21|5392,0,2,4,6,7,8|5393,11,12',27981),
(181,1,'5393,6,7,8,11,12,18|5394,20,22',19156),
(182,1,'5393,7,8,11,12,13,16|5394,20,22',19156),
(183,1,'5393,6,7,8,12,16|5392,18|5394,20,22',19156),
(184,1,'5394,1,6,7,12,13,18|5393,20,22',19406),
(185,1,'5394,1,2,3,8,13,18|5393,20,22',19406),
(186,1,'5394,1,6,7,13,18|5395,12,16',19406),
(187,1,'5395,7,12,13,18|5394,16|5393,1,2,6',19656),
(188,1,'5395,7,11,13,17|5393,18|5394,1,2,6',19656),
(189,1,'5395,6,7,8,11,12,17|5393,13|5394,20',19656),
(190,1,'5245,19|5395,6,7,8,11,12,13,14,15,20',29091),
(191,1,'5396,6,7,8,11,12,18|5394,20,22',19656),
(192,1,'5396,7,8,11,12,13,16|5395,20,22',19656),
(193,1,'5396,6,7,8,12,16|5392,18|5395,20,22',19656),
(194,1,'5397,1,6,7,12,13,18|5396,20,22',19906),
(195,1,'5397,1,2,3,8,13,18|5396,20,22',19906),
(196,1,'5397,1,6,7,13,18|5395,12,16',19906),
(197,1,'5398,7,12,13,18|5394,16|5397,1,2,6',22656),
(198,1,'5398,7,11,13,17|5393,18|5397,1,2,6',22656),
(199,1,'5398,6,7,8,11,12,17|5397,13|5396,20',22656),
(200,1,'5246,24|5398,0,1,2,3,4|5397,5,7,8,9,10,18',49844),
(201,1,'5206,1,7,8,13,17|5207,20,22',22656),
(202,1,'5206,1,2,11,13,17|5207,6,7',22656),
(203,1,'5206,6,7,12,13,18|5207，20,23',22656),
(204,1,'5207,2,6,7,13,18|5208,20,21',22656),
(205,1,'5207,11,13,16,18|5208,7,8,9',22656),
(206,1,'5207,13,17,18|5208,6,7|5209,20,21',22656),
(207,1,'5208,7,11,12,13,17|5209,20,21',22938),
(208,1,'5208,1,6,7,12,18|5209,19,20',22938),
(209,1,'5208,6,11,12,13,18|5209,23,24',22938),
(210,1,'5201,20|5207,24|5206,2,3,4|5208,6,7,8',33948),
(211,1,'5209,0,1,18|5210,6,7,8,13,',23219),
(212,1,'5209,16,20,21,22|5210,8,11,12',23219),
(213,1,'5209,1,2,17,18|5210,6,7,12',23219),
(214,1,'5210,7,11,12,13|5399,17,18,19',23500),
(215,1,'5210,6,7,8,16,17|5399,18,20,21',23500),
(216,1,'5210,6,7,8,11,12|5399,13,16',23500),
(217,1,'5399,6,11,12,16|5400,18,19,20',23500),
(218,1,'5399,7,11,12,13,17|5400,3,4',23500),
(219,1,'5399,6,8,12,17|5400,21,23|5210,24',23500),
(220,1,'5202,18|5399,6,7,8,11,12,13|5210,16,17',34780),
(221,1,'5400,0,1,18|5401,6,7,8,13,',23781),
(222,1,'5400,16,20,21,22|5401,8,11,12',23781),
(223,1,'5400,1,2,17,18|5401,6,7,12',23781),
(224,1,'5401,7,11,12,13|5402,17,18,19',23781),
(225,1,'5401,6,7,8,16,17|5402,18,20,21',23781),
(226,1,'5401,6,7,8,11,12|5402,13,16',23781),
(227,1,'5402,6,11,12,16|5403,18,19,20',24063),
(228,1,'5402,7,11,12,13,17|5403,3,4',24063),
(229,1,'5402,6,8,12,17|5403,21,23|5401,22,24',24063),
(230,1,'5203,20|5402,21|5401,0,2,4,6,7,8|5400,11,12',35613),
(231,1,'5403,6,7,8,11,12,18|5404,20,22',24344),
(232,1,'5403,7,8,11,12,13,16|5404,20,22',24344),
(233,1,'5403,6,7,8,12,16|5404,18|5405,20,22',24344),
(234,1,'5404,1,6,7,12,13,18|5405,20,22',24344),
(235,1,'5404,1,2,3,8,13,18|5405,20,22',24344),
(236,1,'5404,1,6,7,13,18|5405,12,16',24344),
(237,1,'5405,7,12,13,18|5404,16|5406,1,2,6',24625),
(238,1,'5405,7,11,13,17|5404,18|5406,1,2,6',24625),
(239,1,'5405,6,7,8,11,12,17|5404,13|5406,20',24625),
(240,1,'5204,19|5405,6,7,8|5403,12,13,14,15,20,21',54175),
(241,1,'5406,6,7,8,11,12,18|5407,20,22',24906),
(242,1,'5406,7,8,11,12,13,16|5407,20,22',24906),
(243,1,'5406,6,7,8,12,16|5405,18|5407,20,22',24906),
(244,1,'5407,1,6,7,12,13,18|5408,20,22',25188),
(245,1,'5407,1,2,3,8,13,18|5408,20,22',25188),
(246,1,'5407,1,6,7,13,18|5408,12,16',25188),
(247,1,'5408,7,12,13,18|5407,16|5406,1,2,6',25188),
(248,1,'5408,7,11,13,17|5406,18|5407,1,2,6',25188),
(249,1,'5408,6,7,8,11,12,17|5407,13,20',25188),
(250,1,'5205,24|5408,0,1,2,3,4|5407,5,7,8,9,10,18',56031),
(251,1,'12063,6,7,8,12|12064,17',2234),
(252,1,'12063,7,12,13,16|12064,18',2234),
(253,1,'12063,6,12,13,18|12064,17',2234),
(254,1,'12063,6,7|12064,12,13,18',2338),
(255,1,'12064,1,6,7,12|12063,18',2338),
(256,1,'12064,1,6,7|12063,12|12065,18',2338),
(257,1,'12065,2,6,7,13,18',2441),
(258,1,'12065,6,11,12,13,18',2441),
(259,1,'12065,7,11,12,13,17',2441),
(260,1,'12065,6,7,12|12078,16|12079,17|12080,18',3612),
(261,1,'12066,6,7,8,12,17',2544),
(262,1,'12066,7,12,13,16,18',2544),
(263,1,'12066,6,7,8,11,16,17',2544),
(264,1,'12067,8,11,12,16,17,18',2647),
(265,1,'12067,6,7,8,11,12,18',2647),
(266,1,'12067,7,11,12,13,17,18',2647),
(267,1,'12068,7,11,13,16,17,18',2750),
(268,1,'12068,7,8,11,12,13,16',2750),
(269,1,'12068,7,8,11,12,16,18',2750),
(270,1,'12068,6,7,8|12082,8|12083,13|12084,16|12085,17',4070),
(271,1,'12069,6,7,8,11,16,18',2853),
(272,1,'12069,8,11,12,16,17,18',2853),
(273,1,'12069,6,7,8,11,12,18',2853),
(274,1,'12070,7,11,12,13,17,18',2956),
(275,1,'12070,7,11,13,16,17,18',2956),
(276,1,'12070,7,8,11,12,13,17',2956),
(277,1,'12071,7,8,11,12,16,18',3059),
(278,1,'12071,6,7,8,12,16,18',3059),
(279,1,'12071,7,8,13,16,17,18',3059),
(280,1,'12081,16|12071,6,7,8,12|12086,18',4528),
(281,1,'12072,6,7,8,11,16,17',3163),
(282,1,'12072,8,11,12,16,17,18',3163),
(283,1,'12072,6,7,8,11,12,18',3163),
(284,1,'12073,7,11,12,13,17,18',4297),
(285,1,'12073,7,11,13,16,17,18',4297),
(286,1,'12073,7,8,11,12,13,17',4297),
(287,1,'12074,7,8,11,12,16,18',4434),
(288,1,'12074,6,7,8,12,16,18',4434),
(289,1,'12074,7,8,13,16,17,18',4434),
(290,1,'12074,6,8,11,12,13|12087,17',9756),
(291,1,'12075,6,7,8,11,16,17,18',4572),
(292,1,'12075,7,8,11,12,16,17,18',4572),
(293,1,'12075,6,7,8,11,12,17,18',4572),
(294,1,'12076,7,8,11,12,13,17,18',4709),
(295,1,'12076,7,11,13,16,17,18,22',4709),
(296,1,'12076,7,8,11,12,13,17,18',4709),
(297,1,'12077,7,8,11,12,16,17,23',4847),
(298,1,'12077,6,7,8,12,16,18,22',4847),
(299,1,'12077,7,8,13,16,17,18,21',4847),
(300,1,'12088,7|12077,8,12,13,16,17,18',10966),
(301,1,'12089,6,7,8,12,17',4984),
(302,1,'12089,7,11,12,13,17',4984),
(303,1,'12089,6,7,12,13,18',4984),
(304,1,'12090,2,6,7,13,18',5122),
(305,1,'12090,11,13,16,18|12089,7',5122),
(306,1,'12090,13,17,18|12089,6,7',5122),
(307,1,'12091,7,11,12,13,17',5259),
(308,1,'12091,1,6,7,12|12090,18',5259),
(309,1,'12091,6,11,12,13,18',5259),
(310,1,'12104,18|12091,6,7,8|12090,12,13',7784),
(311,1,'12092,6,7,8,13,18',5397),
(312,1,'12092,6,8,11,12,16',5397),
(313,1,'12092,6,7,12,17,18',5397),
(314,1,'12093,7,11,12,13,17',5534),
(315,1,'12093,6,7,8,16,17,18',5534),
(316,1,'12093,7,11,12,13,17',5534),
(317,1,'12094,6,11,12,16,18',7047),
(318,1,'12094,7,11,12,13,17',7047),
(319,1,'12094,6,8,12,17,22',7047),
(320,1,'12105,17|12093,6,7|12094,11,13,18',10429),
(321,1,'12095,18|12096,7,8|12094,11,12,16',7219),
(322,1,'12095,17,18|12096,7,8|12094,11,12',7219),
(323,1,'12095,17|12096,7,8|12094,11,12,16',7219),
(324,1,'12096,7,8,11,12,13,16',7391),
(325,1,'12096,6,7,8,11,12,18',7391),
(326,1,'12096,6,7,8,12,16|12095,18',7391),
(327,1,'12097,18|12096,6,7,12,13,16',7563),
(328,1,'12097,21,23|12096,6,8,12,17',7563),
(329,1,'12097,22|12096,6,8,11,13,17',7563),
(330,1,'12108,21|12107,23|12097,22|12096,6,8,12,17,18',11193),
(331,1,'12098,6,7,8,11,12,18',7734),
(332,1,'12098,7,8,11,12,13,16',7734),
(333,1,'12098,6,7,8,12,16|12095,18',7734),
(334,1,'12099,1,6,7,12,13,18',7906),
(335,1,'12099,1,2,3,8,13,18',7906),
(336,1,'12099,1,6,7,13,18|12097,12',7906),
(337,1,'12100,7,12,13,18|12099,1,6',8078),
(338,1,'12100,7,11,13,17|12099,1,2,3',8078),
(339,1,'12100,7,11,17|12099,1,2,3|12097,13',8078),
(340,1,'12106,2|12100,6,8,11,12,13|12097,16,18',17772),
(341,1,'12101,2,3,7,8,11,16,17',8250),
(342,1,'12101,7,8,11,12,13,16,17',8250),
(343,1,'12101,6,7,8,11,12,13,17',8250),
(344,1,'12102,7,8,11,12,13,17,18',8422),
(345,1,'12102,7,11,12,13,16,17,18',8422),
(346,1,'12102,6,7,8,11,13,17,18',8422),
(347,1,'12102,7,8,11,12|12101,16,17|12103,18',8594),
(348,1,'12102,6,7,8|12101,12,16|12103,18,22',8594),
(349,1,'12102,7,8,13,16,17,18|12103,21',8594),
(350,1,'12109,22|12103,21,23|12102,1,2,3|12101,6,7,12',23066),
(351,1,'12110,6,7,8,12,17',10484),
(352,1,'12110,7,11,12,13,17',10484),
(353,1,'12110,6,7,12,13,18',10484),
(354,1,'12111,2,6,7,13,18',10691),
(355,1,'12111,11,13,16,18|12110,7',10691),
(356,1,'12111,13,17,18|12110,6,7',10691),
(357,1,'12112,7,11,12,13,17',10897),
(358,1,'12112,1,6,7,12,18',10897),
(359,1,'12112,6,11,12,13,18',10897),
(360,1,'12125,16|12126,18|12112,6,7,13',16127),
(361,1,'12113,18|12112,6,7,8,13,',11103),
(362,1,'12113,16|12112,6,8,11,12',11103),
(363,1,'12113,17,18|12114,6,7,12',11103),
(364,1,'12114,7,11,12,13|12113,17',11309),
(365,1,'12114,6,7,8,16,17|12113,18',11309),
(366,1,'12114,7,11,12|12113,13,16',11309),
(367,1,'12115,6,11,12,16|12113,18',11516),
(368,1,'12115,7,11,12,13,17',11516),
(369,1,'12115,6,8,12,17|12113,21,23',11516),
(370,1,'12127,22|12128,23|12115,6,7,12,18|12113,17',17043),
(371,1,'12116,7,8,11,12,13|12118,16,17',11722),
(372,1,'12113,17,18|12116,7,8,11,12',11722),
(373,1,'12118,17|12116,7,8,11,12,16',11722),
(374,1,'12117,7,8,11,12,13|12118,16,17',11928),
(375,1,'12117,6,7,8,11,12,18',11928),
(376,1,'12117,6,7,8,12,16|12118,18',11928),
(377,1,'12118,18|12117,6,7,12,13,16',12134),
(378,1,'12118,21,23|12117,6,8,12,17',12134),
(379,1,'12118,22|12117,6,8,11,13,17',12134),
(380,1,'12131,21|12130,22|12118,16|12117,6,7,13,18',17959),
(381,1,'12119,6,7,8,11,12,18',12341),
(382,1,'12119,7,8,11,12,13,16',12341),
(383,1,'12119,6,7,8,12,16|12118,18',12341),
(384,1,'12120,1,6,7,12,13,18',14609),
(385,1,'12120,1,2,3,8,13,18',14609),
(386,1,'12120,1,6,7,13,18|12118,12,16',14609),
(387,1,'12121,6,7,12,13,18|12118,16',14850),
(388,1,'12121,6,7,11,13,17|12118,18',14850),
(389,1,'12121,6,7,8,11,12,17|12118,13',14850),
(390,1,'12129,17|12121,6,7,8,11,12|12118,16',32670),
(391,1,'12122,2,3,7,8,11,16,17',15091),
(392,1,'12122,7,8,11,12,13,16,17',15091),
(393,1,'12122,6,7,8,11,12,13,17',15091),
(394,1,'12122,7,8,11,12,13,17|12123,18',15331),
(395,1,'12122,7,11,12,13,16|12123,17,18',15331),
(396,1,'12122,6,7,8,11,13,17|12123,18',15331),
(397,1,'12124,7,8,11,12|12122,16,17|12123,18',15572),
(398,1,'12124,6,7,8|12122,12,16|12123,18,22',15572),
(399,1,'12124,7,8,13,16,17,18|12123,21',15572),
(400,1,'12132,22|12123,21|12124,1,6,7',34788),
(401,1,'12133,6,7,8,13,17|12134,20,22',15813),
(402,1,'12133,1,2,12,13,17|12134,6,7',15813),
(403,1,'12133,6,7,12,13,18|12134，20,21',15813),
(404,1,'12134,2,6,7,13,18|12135,20,21',16053),
(405,1,'12134,11,13,16,18|12135,7,8,9',16053),
(406,1,'12134,13,17,18|12133,6,7|12135,20,21',16053),
(407,1,'12135,7,11,12,13,17|12134,20,21',16294),
(408,1,'12135,1,6,7,12,18|12134,19,20',16294),
(409,1,'12135,6,11,12,13,18|12134,23,24',16294),
(410,1,'12148,20|12149,24|12135,2,3,4|12134,6,7,8',24471),
(411,1,'12136,0,1,18|12135,6,7,8,13,',16775),
(412,1,'12136,16,20,21,22|12135,8,11,12',16775),
(413,1,'12136,1,2,17,18|12137,6,7,12',16775),
(414,1,'12137,7,11,12,13|12136,17,18,19',19422),
(415,1,'12137,6,7,8,16,17|12136,18,20,21',19422),
(416,1,'12137,6,7,8,11,12|12136,13,16',19422),
(417,1,'12138,6,11,12,16|12136,18,19,20',19697),
(418,1,'12138,7,11,12,13,17|12137,3,4',19697),
(419,1,'12138,6,8,12,17|12137,21,23|12136,24',19697),
(420,1,'12150,18|12138,6,7,8,11,12,13|12139,16,17',29558),
(421,1,'12139,0,1,18|12140,6,7,8,13,',20247),
(422,1,'12139,16,20,21,22|12140,8,11,12',20247),
(423,1,'12139,1,2,17,18|12140,6,7,12',20247),
(424,1,'12140,7,11,12,13|12139,17,18,19',20522),
(425,1,'12140,6,7,8,16,17|12139,18,20,21',20522),
(426,1,'12140,6,7,8,11,12|12139,13,16',20522),
(427,1,'12141,6,11,12,16|12140,18,19,20',20797),
(428,1,'12141,7,11,12,13,17|12140,3,4',20797),
(429,1,'12141,6,8,12,17|12140,21,23|12142,22,24',20797),
(430,1,'12153,20|12152,21|12141,0,2,4,6,7,8|12142,11,12',30779),
(431,1,'12142,6,7,8,11,12,18|12143,20,22',21072),
(432,1,'12142,7,8,11,12,13,16|12143,20,22',21072),
(433,1,'12142,6,7,8,12,16|12141,18|12143,20,22',21072),
(434,1,'12143,1,6,7,12,13,18|12142,20,22',21347),
(435,1,'12143,1,2,3,8,13,18|12142,20,22',21347),
(436,1,'12143,1,6,7,13,18|12144,12,16',21347),
(437,1,'12144,7,12,13,18|12143,16|12142,1,2,6',21622),
(438,1,'12144,7,11,13,17|12142,18|12143,1,2,6',21622),
(439,1,'12144,6,7,8,11,12,17|12142,13|12143,20',21622),
(440,1,'12151,19|12144,6,7,8,11,12,13,14,15,20',32000),
(441,1,'12145,6,7,8,11,12,18|12143,20,22',21622),
(442,1,'12145,7,8,11,12,13,16|12144,20,22',21622),
(443,1,'12145,6,7,8,12,16|12141,18|12144,20,22',21622),
(444,1,'12146,1,6,7,12,13,18|12145,20,22',21897),
(445,1,'12146,1,2,3,8,13,18|12145,20,22',21897),
(446,1,'12146,1,6,7,13,18|12144,12,16',21897),
(447,1,'12147,7,12,13,18|12143,16|12146,1,2,6',24922),
(448,1,'12147,7,11,13,17|12142,18|12146,1,2,6',24922),
(449,1,'12147,6,7,8,11,12,17|12146,13|12145,20',24922),
(450,1,'12154,24|12147,0,1,2,3,4|12146,5,7,8,9,10,18',54828),
(451,1,'12155,1,7,8,13,17|12156,20,22',24922),
(452,1,'12155,1,2,11,13,17|12156,6,7',24922),
(453,1,'12155,6,7,12,13,18|12156，20,23',24922),
(454,1,'12156,2,6,7,13,18|12157,20,21',24922),
(455,1,'12156,11,13,16,18|12157,7,8,9',24922),
(456,1,'12156,13,17,18|12157,6,7|12158,20,21',24922),
(457,1,'12157,7,11,12,13,17|12158,20,21',25231),
(458,1,'12157,1,6,7,12,18|12158,19,20',25231),
(459,1,'12157,6,11,12,13,18|12158,23,24',25231),
(460,1,'12170,20|12156,24|12155,2,3,4|12157,6,7,8',37342),
(461,1,'12158,0,1,18|12159,6,7,8,13,',25541),
(462,1,'12158,16,20,21,22|12159,8,11,12',25541),
(463,1,'12158,1,2,17,18|12159,6,7,12',25541),
(464,1,'12159,7,11,12,13|12160,17,18,19',25850),
(465,1,'12159,6,7,8,16,17|12160,18,20,21',25850),
(466,1,'12159,6,7,8,11,12|12160,13,16',25850),
(467,1,'12160,6,11,12,16|12161,18,19,20',25850),
(468,1,'12160,7,11,12,13,17|12161,3,4',25850),
(469,1,'12160,6,8,12,17|12161,21,23|12159,24',25850),
(470,1,'12171,18|12160,6,7,8,11,12,13|12159,16,17',38258),
(471,1,'12161,0,1,18|12162,6,7,8,13,',26159),
(472,1,'12161,16,20,21,22|12162,8,11,12',26159),
(473,1,'12161,1,2,17,18|12162,6,7,12',26159),
(474,1,'12162,7,11,12,13|12163,17,18,19',26159),
(475,1,'12162,6,7,8,16,17|12163,18,20,21',26159),
(476,1,'12162,6,7,8,11,12|12163,13,16',26159),
(477,1,'12163,6,11,12,16|12164,18,19,20',26469),
(478,1,'12163,7,11,12,13,17|12164,3,4',26469),
(479,1,'12163,6,8,12,17|12164,21,23|12162,22,24',26469),
(480,1,'12173,20|12163,21|12162,0,2,4,6,7,8|12161,11,12',39174),
(481,1,'12164,6,7,8,11,12,18|12165,20,22',26778),
(482,1,'12164,7,8,11,12,13,16|12165,20,22',26778),
(483,1,'12164,6,7,8,12,16|12165,18|12166,20,22',26778),
(484,1,'12165,1,6,7,12,13,18|12166,20,22',26778),
(485,1,'12165,1,2,3,8,13,18|12166,20,22',26778),
(486,1,'12165,1,6,7,13,18|12166,12,16',26778),
(487,1,'12166,7,12,13,18|12165,16|12167,1,2,6',27088),
(488,1,'12166,7,11,13,17|12165,18|12167,1,2,6',27088),
(489,1,'12166,6,7,8,11,12,17|12165,13|12167,20',27088),
(490,1,'12172,19|12166,6,7,8|12164,12,13,14,15,20,21',59593),
(491,1,'12167,6,7,8,11,12,18|12168,20,22',27397),
(492,1,'12167,7,8,11,12,13,16|12168,20,22',27397),
(493,1,'12167,6,7,8,12,16|12166,18|12168,20,22',27397),
(494,1,'12168,1,6,7,12,13,18|12169,20,22',27706),
(495,1,'12168,1,2,3,8,13,18|12169,20,22',27706),
(496,1,'12168,1,6,7,13,18|12169,12,16',27706),
(497,1,'12169,7,12,13,18|12168,16|12167,1,2,6',27706),
(498,1,'12169,7,11,13,17|12167,18|12168,1,2,6',27706),
(499,1,'12169,6,7,8,11,12,17|12168,13,20',27706),
(500,1,'12174,24|12169,0,1,2,3,4|12168,5,7,8,9,10,18',61634);
