INSERT INTO `equipment_set` VALUES
(2392,'风卷残云',40001,40004,40007,40010),
(2384,'无量玄天',40002,40005,40008,40011),
(2376,'雷火绛风',40003,40006,40009,40012),
(2416,'魍灵散魄',40013,40016,40019,40022),
(2408,'逝空碎魂',40014,40017,40020,40023),
(2400,'奔雷裂魅',40015,40018,40021,40024),
(2440,'缚影',40025,40028,40031,40034),
(2432,'天芒',40026,40029,40032,40035),
(2424,'紫金',40027,40030,40033,40036),
(2464,'刑天',40037,40040,40043,40046),
(2456,'万象',40038,40041,40044,40047),
(2448,'太极',40039,40042,40045,40048),
(2544,'五火遁龙',40049,40052,40055,40058),
(2552,'六阳搜魂',40050,40053,40056,40059),
(2560,'七星兜率',40051,40054,40057,40060),
(2568,'圣尊龙门',40061,40064,40067,40070),
(2576,'武尊罗刹',40062,40065,40068,40071),
(2584,'天尊无极',40063,40066,40069,40072),
(2592,'炙血龙墨',40073,40076,40079,40082),
(2600,'梵迦修罗',40074,40077,40080,40083),
(2608,'殷武太虚',40075,40078,40081,40084),
(1750,'节日套装',40085,0,0,0),
(2688,'弑·残云',40086,40089,40092,40095),
(2696,'渡·玄天',40087,40090,40093,40096),
(2704,'霸·绛风',40088,40091,40094,40097),
(2712,'弑·五火遁龙',40098,40101,40104,40107),
(2720,'渡·六阳搜魂',40099,40102,40105,40108),
(2728,'霸·七星兜率',40100,40103,40106,40109),
(2736,'弑·圣尊龙门',40110,40113,40116,40119),
(2744,'渡·武尊罗刹',40111,40114,40117,40120),
(2752,'霸·天尊无极',40112,40115,40118,40121),
(2760,'弑·炙血龙墨',40122,40125,40128,40131),
(2768,'渡·梵迦修罗',40123,40126,40129,40132),
(2776,'霸·殷武太虚',40124,40127,40130,40133);
