INSERT INTO `erlking` VALUES
(1,0,5,16001),
(2,1,10,16002),
(3,2,15,16003),
(4,3,20,16004),
(5,4,25,16005),
(6,5,30,16006),
(7,6,35,16007),
(8,7,40,16008),
(9,8,45,16009),
(10,9,50,16010),
(11,10,55,16011),
(12,11,60,16012),
(13,12,65,16013),
(14,13,70,16014),
(15,14,75,16015),
(16,15,80,16016),
(17,16,85,16017),
(18,17,90,16018),
(19,18,95,16019),
(20,19,100,16020),
(21,20,105,16021),
(22,21,110,16022),
(23,22,115,16023),
(24,23,120,16024),
(25,24,125,16025),
(26,25,130,16026),
(27,26,135,16027),
(28,27,140,16028),
(29,28,145,16029),
(30,29,150,16030),
(31,30,155,16031),
(32,31,160,16032),
(33,32,165,16033),
(34,33,170,16034),
(35,34,175,16035),
(36,35,176,16032),
(37,36,177,16033),
(38,37,178,16034),
(39,38,179,16035),
(40,39,180,16032);
