INSERT INTO `eupgrade` VALUES
(2392,'519,1|518,2',2688),
(2393,'519,1|518,2',2689),
(2394,'519,1|518,2',2690),
(2395,'519,1|518,2',2691),
(2396,'519,1|518,2',2692),
(2397,'519,1|518,2',2693),
(2398,'519,1|518,2',2694),
(2399,'519,1|518,2',2695),
(2384,'519,1|518,2',2696),
(2385,'519,1|518,2',2697),
(2386,'519,1|518,2',2698),
(2387,'519,1|518,2',2699),
(2388,'519,1|518,2',2700),
(2389,'519,1|518,2',2701),
(2390,'519,1|518,2',2702),
(2391,'519,1|518,2',2703),
(2376,'519,1|518,2',2704),
(2377,'519,1|518,2',2705),
(2378,'519,1|518,2',2706),
(2379,'519,1|518,2',2707),
(2380,'519,1|518,2',2708),
(2381,'519,1|518,2',2709),
(2382,'519,1|518,2',2710),
(2383,'519,1|518,2',2711),
(2544,'519,6|520,8|518,16',2712),
(2545,'519,6|520,8|518,16',2713),
(2546,'519,6|520,8|518,16',2714),
(2547,'519,6|520,8|518,16',2715),
(2548,'519,6|520,8|518,16',2716),
(2549,'519,6|520,8|518,16',2717),
(2550,'519,6|520,8|518,16',2718),
(2551,'519,6|520,8|518,16',2719),
(2552,'519,6|520,8|518,16',2720),
(2553,'519,6|520,8|518,16',2721),
(2554,'519,6|520,8|518,16',2722),
(2555,'519,6|520,8|518,16',2723),
(2556,'519,6|520,8|518,16',2724),
(2557,'519,6|520,8|518,16',2725),
(2558,'519,6|520,8|518,16',2726),
(2559,'519,6|520,8|518,16',2727),
(2560,'519,6|520,8|518,16',2728),
(2561,'519,6|520,8|518,16',2729),
(2562,'519,6|520,8|518,16',2730),
(2563,'519,6|520,8|518,16',2731),
(2564,'519,6|520,8|518,16',2732),
(2565,'519,6|520,8|518,16',2733),
(2566,'519,6|520,8|518,16',2734),
(2567,'519,6|520,8|518,16',2735),
(2568,'519,16|520,16|521,20|518,39',2736),
(2569,'519,16|520,16|521,20|518,39',2737),
(2570,'519,16|520,16|521,20|518,39',2738),
(2571,'519,16|520,16|521,20|518,39',2739),
(2572,'519,16|520,16|521,20|518,39',2740),
(2573,'519,16|520,16|521,20|518,39',2741),
(2574,'519,16|520,16|521,20|518,39',2742),
(2575,'519,16|520,16|521,20|518,39',2743),
(2576,'519,16|520,16|521,20|518,39',2744),
(2577,'519,16|520,16|521,20|518,39',2745),
(2578,'519,16|520,16|521,20|518,39',2746),
(2579,'519,16|520,16|521,20|518,39',2747),
(2580,'519,16|520,16|521,20|518,39',2748),
(2581,'519,16|520,16|521,20|518,39',2749),
(2582,'519,16|520,16|521,20|518,39',2750),
(2583,'519,16|520,16|521,20|518,39',2751),
(2584,'519,16|520,16|521,20|518,39',2752),
(2585,'519,16|520,16|521,20|518,39',2753),
(2586,'519,16|520,16|521,20|518,39',2754),
(2587,'519,16|520,16|521,20|518,39',2755),
(2588,'519,16|520,16|521,20|518,39',2756),
(2589,'519,16|520,16|521,20|518,39',2757),
(2590,'519,16|520,16|521,20|518,39',2758),
(2591,'519,16|520,16|521,20|518,39',2759),
(2592,'519,28|520,28|521,28|522,35|518,67',2760),
(2593,'519,28|520,28|521,28|522,35|518,67',2761),
(2594,'519,28|520,28|521,28|522,35|518,67',2762),
(2595,'519,28|520,28|521,28|522,35|518,67',2763),
(2596,'519,28|520,28|521,28|522,35|518,67',2764),
(2597,'519,28|520,28|521,28|522,35|518,67',2765),
(2598,'519,28|520,28|521,28|522,35|518,67',2766),
(2599,'519,28|520,28|521,28|522,35|518,67',2767),
(2600,'519,28|520,28|521,28|522,35|518,67',2768),
(2601,'519,28|520,28|521,28|522,35|518,67',2769),
(2602,'519,28|520,28|521,28|522,35|518,67',2770),
(2603,'519,28|520,28|521,28|522,35|518,67',2771),
(2604,'519,28|520,28|521,28|522,35|518,67',2772),
(2605,'519,28|520,28|521,28|522,35|518,67',2773),
(2606,'519,28|520,28|521,28|522,35|518,67',2774),
(2607,'519,28|520,28|521,28|522,35|518,67',2775),
(2608,'519,28|520,28|521,28|522,35|518,67',2776),
(2609,'519,28|520,28|521,28|522,35|518,67',2777),
(2610,'519,28|520,28|521,28|522,35|518,67',2778),
(2611,'519,28|520,28|521,28|522,35|518,67',2779),
(2612,'519,28|520,28|521,28|522,35|518,67',2780),
(2613,'519,28|520,28|521,28|522,35|518,67',2781),
(2614,'519,28|520,28|521,28|522,35|518,67',2782),
(2615,'519,28|520,28|521,28|522,35|518,67',2783),
(2616,'519,40|520,40|521,40|522,40|523,52|518,100',2784),
(2617,'519,40|520,40|521,40|522,40|523,52|518,100',2785),
(2618,'519,40|520,40|521,40|522,40|523,52|518,100',2786),
(2619,'519,40|520,40|521,40|522,40|523,52|518,100',2787),
(2620,'519,40|520,40|521,40|522,40|523,52|518,100',2788),
(2621,'519,40|520,40|521,40|522,40|523,52|518,100',2789),
(2622,'519,40|520,40|521,40|522,40|523,52|518,100',2790),
(2623,'519,40|520,40|521,40|522,40|523,52|518,100',2791),
(2624,'519,40|520,40|521,40|522,40|523,52|518,100',2792),
(2625,'519,40|520,40|521,40|522,40|523,52|518,100',2793),
(2626,'519,40|520,40|521,40|522,40|523,52|518,100',2794),
(2627,'519,40|520,40|521,40|522,40|523,52|518,100',2795),
(2628,'519,40|520,40|521,40|522,40|523,52|518,100',2796),
(2629,'519,40|520,40|521,40|522,40|523,52|518,100',2797),
(2630,'519,40|520,40|521,40|522,40|523,52|518,100',2798),
(2631,'519,40|520,40|521,40|522,40|523,52|518,100',2799),
(2632,'519,40|520,40|521,40|522,40|523,52|518,100',2800),
(2633,'519,40|520,40|521,40|522,40|523,52|518,100',2801),
(2634,'519,40|520,40|521,40|522,40|523,52|518,100',2802),
(2635,'519,40|520,40|521,40|522,40|523,52|518,100',2803),
(2636,'519,40|520,40|521,40|522,40|523,52|518,100',2804),
(2637,'519,40|520,40|521,40|522,40|523,52|518,100',2805),
(2638,'519,40|520,40|521,40|522,40|523,52|518,100',2806),
(2639,'519,40|520,40|521,40|522,40|523,52|518,100',2807),
(2640,'519,54|520,54|521,54|522,54|523,54|524,68|518,130',2808),
(2641,'519,54|520,54|521,54|522,54|523,54|524,68|518,130',2809),
(2642,'519,54|520,54|521,54|522,54|523,54|524,68|518,130',2810),
(2643,'519,54|520,54|521,54|522,54|523,54|524,68|518,130',2811),
(2644,'519,54|520,54|521,54|522,54|523,54|524,68|518,130',2812),
(2645,'519,54|520,54|521,54|522,54|523,54|524,68|518,130',2813),
(2646,'519,54|520,54|521,54|522,54|523,54|524,68|518,130',2814),
(2647,'519,54|520,54|521,54|522,54|523,54|524,68|518,130',2815),
(2648,'519,54|520,54|521,54|522,54|523,54|524,68|518,130',2816),
(2649,'519,54|520,54|521,54|522,54|523,54|524,68|518,130',2817),
(2650,'519,54|520,54|521,54|522,54|523,54|524,68|518,130',2818),
(2651,'519,54|520,54|521,54|522,54|523,54|524,68|518,130',2819),
(2652,'519,54|520,54|521,54|522,54|523,54|524,68|518,130',2820),
(2653,'519,54|520,54|521,54|522,54|523,54|524,68|518,130',2821),
(2654,'519,54|520,54|521,54|522,54|523,54|524,68|518,130',2822),
(2655,'519,54|520,54|521,54|522,54|523,54|524,68|518,130',2823),
(2656,'519,54|520,54|521,54|522,54|523,54|524,68|518,130',2824),
(2657,'519,54|520,54|521,54|522,54|523,54|524,68|518,130',2825),
(2658,'519,54|520,54|521,54|522,54|523,54|524,68|518,130',2826),
(2659,'519,54|520,54|521,54|522,54|523,54|524,68|518,130',2827),
(2660,'519,54|520,54|521,54|522,54|523,54|524,68|518,130',2828),
(2661,'519,54|520,54|521,54|522,54|523,54|524,68|518,130',2829),
(2662,'519,54|520,54|521,54|522,54|523,54|524,68|518,130',2830),
(2663,'519,54|520,54|521,54|522,54|523,54|524,68|518,130',2831),
(2664,'519,54|520,54|521,54|522,54|523,54|524,68|525,68|518,130',2832),
(2665,'519,54|520,54|521,54|522,54|523,54|524,68|525,68|518,130',2833),
(2666,'519,54|520,54|521,54|522,54|523,54|524,68|525,68|518,130',2834),
(2667,'519,54|520,54|521,54|522,54|523,54|524,68|525,68|518,130',2835),
(2668,'519,54|520,54|521,54|522,54|523,54|524,68|525,68|518,130',2836),
(2669,'519,54|520,54|521,54|522,54|523,54|524,68|525,68|518,130',2837),
(2670,'519,54|520,54|521,54|522,54|523,54|524,68|525,68|518,130',2838),
(2671,'519,54|520,54|521,54|522,54|523,54|524,68|525,68|518,130',2839),
(2672,'519,54|520,54|521,54|522,54|523,54|524,68|525,68|518,130',2840),
(2673,'519,54|520,54|521,54|522,54|523,54|524,68|525,68|518,130',2841),
(2674,'519,54|520,54|521,54|522,54|523,54|524,68|525,68|518,130',2842),
(2675,'519,54|520,54|521,54|522,54|523,54|524,68|525,68|518,130',2843),
(2676,'519,54|520,54|521,54|522,54|523,54|524,68|525,68|518,130',2844),
(2677,'519,54|520,54|521,54|522,54|523,54|524,68|525,68|518,130',2845),
(2678,'519,54|520,54|521,54|522,54|523,54|524,68|525,68|518,130',2846),
(2679,'519,54|520,54|521,54|522,54|523,54|524,68|525,68|518,130',2847),
(2680,'519,54|520,54|521,54|522,54|523,54|524,68|525,68|518,130',2848),
(2681,'519,54|520,54|521,54|522,54|523,54|524,68|525,68|518,130',2849),
(2682,'519,54|520,54|521,54|522,54|523,54|524,68|525,68|518,130',2850),
(2683,'519,54|520,54|521,54|522,54|523,54|524,68|525,68|518,130',2851),
(2684,'519,54|520,54|521,54|522,54|523,54|524,68|525,68|518,130',2852),
(2685,'519,54|520,54|521,54|522,54|523,54|524,68|525,68|518,130',2853),
(2686,'519,54|520,54|521,54|522,54|523,54|524,68|525,68|518,130',2854),
(2687,'519,54|520,54|521,54|522,54|523,54|524,68|525,68|518,130',2855),
(2872,'519,28|520,28|521,28|522,35|518,67',2904),
(2873,'519,28|520,28|521,28|522,35|518,67',2905),
(2874,'519,28|520,28|521,28|522,35|518,67',2906),
(2875,'519,28|520,28|521,28|522,35|518,67',2907),
(2876,'519,28|520,28|521,28|522,35|518,67',2908),
(2877,'519,28|520,28|521,28|522,35|518,67',2909),
(2878,'519,28|520,28|521,28|522,35|518,67',2910),
(2879,'519,28|520,28|521,28|522,35|518,67',2911),
(2880,'519,40|520,40|521,40|522,40|523,52|518,100',2912),
(2881,'519,40|520,40|521,40|522,40|523,52|518,100',2913),
(2882,'519,40|520,40|521,40|522,40|523,52|518,100',2914),
(2883,'519,40|520,40|521,40|522,40|523,52|518,100',2915),
(2884,'519,40|520,40|521,40|522,40|523,52|518,100',2916),
(2885,'519,40|520,40|521,40|522,40|523,52|518,100',2917),
(2886,'519,40|520,40|521,40|522,40|523,52|518,100',2918),
(2887,'519,40|520,40|521,40|522,40|523,52|518,100',2919),
(2888,'519,54|520,54|521,54|522,54|523,54|524,68|518,130',2920),
(2889,'519,54|520,54|521,54|522,54|523,54|524,68|518,130',2921),
(2890,'519,54|520,54|521,54|522,54|523,54|524,68|518,130',2922),
(2891,'519,54|520,54|521,54|522,54|523,54|524,68|518,130',2923),
(2892,'519,54|520,54|521,54|522,54|523,54|524,68|518,130',2924),
(2893,'519,54|520,54|521,54|522,54|523,54|524,68|518,130',2925),
(2894,'519,54|520,54|521,54|522,54|523,54|524,68|518,130',2926),
(2895,'519,54|520,54|521,54|522,54|523,54|524,68|518,130',2927),
(2896,'519,54|520,54|521,54|522,54|523,54|524,68|525,68|518,130',2928),
(2897,'519,54|520,54|521,54|522,54|523,54|524,68|525,68|518,130',2929),
(2898,'519,54|520,54|521,54|522,54|523,54|524,68|525,68|518,130',2930),
(2899,'519,54|520,54|521,54|522,54|523,54|524,68|525,68|518,130',2931),
(2900,'519,54|520,54|521,54|522,54|523,54|524,68|525,68|518,130',2932),
(2901,'519,54|520,54|521,54|522,54|523,54|524,68|525,68|518,130',2933),
(2902,'519,54|520,54|521,54|522,54|523,54|524,68|525,68|518,130',2934),
(2903,'519,54|520,54|521,54|522,54|523,54|524,68|525,68|518,130',2935),
(2936,'519,100|520,100|521,100|522,100|523,100|524,120|525,120|518,150',2968),
(2937,'519,100|520,100|521,100|522,100|523,100|524,120|525,120|518,150',2969),
(2938,'519,100|520,100|521,100|522,100|523,100|524,120|525,120|518,150',2970),
(2939,'519,100|520,100|521,100|522,100|523,100|524,120|525,120|518,150',2971),
(2940,'519,100|520,100|521,100|522,100|523,100|524,120|525,120|518,150',2972),
(2941,'519,100|520,100|521,100|522,100|523,100|524,120|525,120|518,150',2973),
(2942,'519,100|520,100|521,100|522,100|523,100|524,120|525,120|518,150',2974),
(2943,'519,100|520,100|521,100|522,100|523,100|524,120|525,120|518,150',2975),
(2944,'519,100|520,100|521,100|522,100|523,100|524,120|525,120|518,150',2976),
(2945,'519,100|520,100|521,100|522,100|523,100|524,120|525,120|518,150',2977),
(2946,'519,100|520,100|521,100|522,100|523,100|524,120|525,120|518,150',2978),
(2947,'519,100|520,100|521,100|522,100|523,100|524,120|525,120|518,150',2979),
(2948,'519,100|520,100|521,100|522,100|523,100|524,120|525,120|518,150',2980),
(2949,'519,100|520,100|521,100|522,100|523,100|524,120|525,120|518,150',2981),
(2950,'519,100|520,100|521,100|522,100|523,100|524,120|525,120|518,150',2982),
(2951,'519,100|520,100|521,100|522,100|523,100|524,120|525,120|518,150',2983),
(2952,'519,100|520,100|521,100|522,100|523,100|524,120|525,120|518,150',2984),
(2953,'519,100|520,100|521,100|522,100|523,100|524,120|525,120|518,150',2985),
(2954,'519,100|520,100|521,100|522,100|523,100|524,120|525,120|518,150',2986),
(2955,'519,100|520,100|521,100|522,100|523,100|524,120|525,120|518,150',2987),
(2956,'519,100|520,100|521,100|522,100|523,100|524,120|525,120|518,150',2988),
(2957,'519,100|520,100|521,100|522,100|523,100|524,120|525,120|518,150',2989),
(2958,'519,100|520,100|521,100|522,100|523,100|524,120|525,120|518,150',2990),
(2959,'519,100|520,100|521,100|522,100|523,100|524,120|525,120|518,150',2991),
(2960,'519,100|520,100|521,100|522,100|523,100|524,120|525,120|518,150',2992),
(2961,'519,100|520,100|521,100|522,100|523,100|524,120|525,120|518,150',2993),
(2962,'519,100|520,100|521,100|522,100|523,100|524,120|525,120|518,150',2994),
(2963,'519,100|520,100|521,100|522,100|523,100|524,120|525,120|518,150',2995),
(2964,'519,100|520,100|521,100|522,100|523,100|524,120|525,120|518,150',2996),
(2965,'519,100|520,100|521,100|522,100|523,100|524,120|525,120|518,150',2997),
(2966,'519,100|520,100|521,100|522,100|523,100|524,120|525,120|518,150',2998),
(2967,'519,100|520,100|521,100|522,100|523,100|524,120|525,120|518,150',2999),
(3000,'519,120|520,120|521,120|522,120|523,120|524,150|525,150|518,180',3032),
(3001,'519,120|520,120|521,120|522,120|523,120|524,150|525,150|518,180',3033),
(3002,'519,120|520,120|521,120|522,120|523,120|524,150|525,150|518,180',3034),
(3003,'519,120|520,120|521,120|522,120|523,120|524,150|525,150|518,180',3035),
(3004,'519,120|520,120|521,120|522,120|523,120|524,150|525,150|518,180',3036),
(3005,'519,120|520,120|521,120|522,120|523,120|524,150|525,150|518,180',3037),
(3006,'519,120|520,120|521,120|522,120|523,120|524,150|525,150|518,180',3038),
(3007,'519,120|520,120|521,120|522,120|523,120|524,150|525,150|518,180',3039),
(3008,'519,120|520,120|521,120|522,120|523,120|524,150|525,150|518,180',3040),
(3009,'519,120|520,120|521,120|522,120|523,120|524,150|525,150|518,180',3041),
(3010,'519,120|520,120|521,120|522,120|523,120|524,150|525,150|518,180',3042),
(3011,'519,120|520,120|521,120|522,120|523,120|524,150|525,150|518,180',3043),
(3012,'519,120|520,120|521,120|522,120|523,120|524,150|525,150|518,180',3044),
(3013,'519,120|520,120|521,120|522,120|523,120|524,150|525,150|518,180',3045),
(3014,'519,120|520,120|521,120|522,120|523,120|524,150|525,150|518,180',3046),
(3015,'519,120|520,120|521,120|522,120|523,120|524,150|525,150|518,180',3047),
(3016,'519,120|520,120|521,120|522,120|523,120|524,150|525,150|518,180',3048),
(3017,'519,120|520,120|521,120|522,120|523,120|524,150|525,150|518,180',3049),
(3018,'519,120|520,120|521,120|522,120|523,120|524,150|525,150|518,180',3050),
(3019,'519,120|520,120|521,120|522,120|523,120|524,150|525,150|518,180',3051),
(3020,'519,120|520,120|521,120|522,120|523,120|524,150|525,150|518,180',3052),
(3021,'519,120|520,120|521,120|522,120|523,120|524,150|525,150|518,180',3053),
(3022,'519,120|520,120|521,120|522,120|523,120|524,150|525,150|518,180',3054),
(3023,'519,120|520,120|521,120|522,120|523,120|524,150|525,150|518,180',3055),
(3024,'519,120|520,120|521,120|522,120|523,120|524,150|525,150|518,180',3056),
(3025,'519,120|520,120|521,120|522,120|523,120|524,150|525,150|518,180',3057),
(3026,'519,120|520,120|521,120|522,120|523,120|524,150|525,150|518,180',3058),
(3027,'519,120|520,120|521,120|522,120|523,120|524,150|525,150|518,180',3059),
(3028,'519,120|520,120|521,120|522,120|523,120|524,150|525,150|518,180',3060),
(3029,'519,120|520,120|521,120|522,120|523,120|524,150|525,150|518,180',3061),
(3030,'519,120|520,120|521,120|522,120|523,120|524,150|525,150|518,180',3062),
(3031,'519,120|520,120|521,120|522,120|523,120|524,150|525,150|518,180',3063),
(3064,'519,150|520,150|521,150|522,150|523,150|524,180|525,180|518,220',3096),
(3065,'519,150|520,150|521,150|522,150|523,150|524,180|525,180|518,220',3097),
(3066,'519,150|520,150|521,150|522,150|523,150|524,180|525,180|518,220',3098),
(3067,'519,150|520,150|521,150|522,150|523,150|524,180|525,180|518,220',3099),
(3068,'519,150|520,150|521,150|522,150|523,150|524,180|525,180|518,220',3100),
(3069,'519,150|520,150|521,150|522,150|523,150|524,180|525,180|518,220',3101),
(3070,'519,150|520,150|521,150|522,150|523,150|524,180|525,180|518,220',3102),
(3071,'519,150|520,150|521,150|522,150|523,150|524,180|525,180|518,220',3103),
(3072,'519,150|520,150|521,150|522,150|523,150|524,180|525,180|518,220',3104),
(3073,'519,150|520,150|521,150|522,150|523,150|524,180|525,180|518,220',3105),
(3074,'519,150|520,150|521,150|522,150|523,150|524,180|525,180|518,220',3106),
(3075,'519,150|520,150|521,150|522,150|523,150|524,180|525,180|518,220',3107),
(3076,'519,150|520,150|521,150|522,150|523,150|524,180|525,180|518,220',3108),
(3077,'519,150|520,150|521,150|522,150|523,150|524,180|525,180|518,220',3109),
(3078,'519,150|520,150|521,150|522,150|523,150|524,180|525,180|518,220',3110),
(3079,'519,150|520,150|521,150|522,150|523,150|524,180|525,180|518,220',3111),
(3080,'519,150|520,150|521,150|522,150|523,150|524,180|525,180|518,220',3112),
(3081,'519,150|520,150|521,150|522,150|523,150|524,180|525,180|518,220',3113),
(3082,'519,150|520,150|521,150|522,150|523,150|524,180|525,180|518,220',3114),
(3083,'519,150|520,150|521,150|522,150|523,150|524,180|525,180|518,220',3115),
(3084,'519,150|520,150|521,150|522,150|523,150|524,180|525,180|518,220',3116),
(3085,'519,150|520,150|521,150|522,150|523,150|524,180|525,180|518,220',3117),
(3086,'519,150|520,150|521,150|522,150|523,150|524,180|525,180|518,220',3118),
(3087,'519,150|520,150|521,150|522,150|523,150|524,180|525,180|518,220',3119),
(3088,'519,150|520,150|521,150|522,150|523,150|524,180|525,180|518,220',3120),
(3089,'519,150|520,150|521,150|522,150|523,150|524,180|525,180|518,220',3121),
(3090,'519,150|520,150|521,150|522,150|523,150|524,180|525,180|518,220',3122),
(3091,'519,150|520,150|521,150|522,150|523,150|524,180|525,180|518,220',3123),
(3092,'519,150|520,150|521,150|522,150|523,150|524,180|525,180|518,220',3124),
(3093,'519,150|520,150|521,150|522,150|523,150|524,180|525,180|518,220',3125),
(3094,'519,150|520,150|521,150|522,150|523,150|524,180|525,180|518,220',3126),
(3095,'519,150|520,150|521,150|522,150|523,150|524,180|525,180|518,220',3127),
(3128,'519,180|520,180|521,180|522,180|523,180|524,210|525,210|518,270',3160),
(3129,'519,180|520,180|521,180|522,180|523,180|524,210|525,210|518,270',3161),
(3130,'519,180|520,180|521,180|522,180|523,180|524,210|525,210|518,270',3162),
(3131,'519,180|520,180|521,180|522,180|523,180|524,210|525,210|518,270',3163),
(3132,'519,180|520,180|521,180|522,180|523,180|524,210|525,210|518,270',3164),
(3133,'519,180|520,180|521,180|522,180|523,180|524,210|525,210|518,270',3165),
(3134,'519,180|520,180|521,180|522,180|523,180|524,210|525,210|518,270',3166),
(3135,'519,180|520,180|521,180|522,180|523,180|524,210|525,210|518,270',3167),
(3136,'519,180|520,180|521,180|522,180|523,180|524,210|525,210|518,270',3168),
(3137,'519,180|520,180|521,180|522,180|523,180|524,210|525,210|518,270',3169),
(3138,'519,180|520,180|521,180|522,180|523,180|524,210|525,210|518,270',3170),
(3139,'519,180|520,180|521,180|522,180|523,180|524,210|525,210|518,270',3171),
(3140,'519,180|520,180|521,180|522,180|523,180|524,210|525,210|518,270',3172),
(3141,'519,180|520,180|521,180|522,180|523,180|524,210|525,210|518,270',3173),
(3142,'519,180|520,180|521,180|522,180|523,180|524,210|525,210|518,270',3174),
(3143,'519,180|520,180|521,180|522,180|523,180|524,210|525,210|518,270',3175),
(3144,'519,180|520,180|521,180|522,180|523,180|524,210|525,210|518,270',3176),
(3145,'519,180|520,180|521,180|522,180|523,180|524,210|525,210|518,270',3177),
(3146,'519,180|520,180|521,180|522,180|523,180|524,210|525,210|518,270',3178),
(3147,'519,180|520,180|521,180|522,180|523,180|524,210|525,210|518,270',3179),
(3148,'519,180|520,180|521,180|522,180|523,180|524,210|525,210|518,270',3180),
(3149,'519,180|520,180|521,180|522,180|523,180|524,210|525,210|518,270',3181),
(3150,'519,180|520,180|521,180|522,180|523,180|524,210|525,210|518,270',3182),
(3151,'519,180|520,180|521,180|522,180|523,180|524,210|525,210|518,270',3183),
(3152,'519,180|520,180|521,180|522,180|523,180|524,210|525,210|518,270',3184),
(3153,'519,180|520,180|521,180|522,180|523,180|524,210|525,210|518,270',3185),
(3154,'519,180|520,180|521,180|522,180|523,180|524,210|525,210|518,270',3186),
(3155,'519,180|520,180|521,180|522,180|523,180|524,210|525,210|518,270',3187),
(3156,'519,180|520,180|521,180|522,180|523,180|524,210|525,210|518,270',3188),
(3157,'519,180|520,180|521,180|522,180|523,180|524,210|525,210|518,270',3189),
(3158,'519,180|520,180|521,180|522,180|523,180|524,210|525,210|518,270',3190),
(3159,'519,180|520,180|521,180|522,180|523,180|524,210|525,210|518,270',3191),
(18025,'519,40|520,40|521,40|522,40|523,52|518,100',19025),
(18026,'519,40|520,40|521,40|522,40|523,52|518,100',19026),
(18027,'519,40|520,40|521,40|522,40|523,52|518,100',19027),
(18028,'519,40|520,40|521,40|522,40|523,52|518,100',19028),
(18029,'519,40|520,40|521,40|522,40|523,52|518,100',19029),
(18030,'519,40|520,40|521,40|522,40|523,52|518,100',19030),
(18031,'519,40|520,40|521,40|522,40|523,52|518,100',19031),
(18032,'519,40|520,40|521,40|522,40|523,52|518,100',19032),
(18057,'519,54|520,54|521,54|522,54|523,54|524,68|518,130',19057),
(18058,'519,54|520,54|521,54|522,54|523,54|524,68|518,130',19058),
(18059,'519,54|520,54|521,54|522,54|523,54|524,68|518,130',19059),
(18060,'519,54|520,54|521,54|522,54|523,54|524,68|518,130',19060),
(18061,'519,54|520,54|521,54|522,54|523,54|524,68|518,130',19061),
(18062,'519,54|520,54|521,54|522,54|523,54|524,68|518,130',19062),
(18063,'519,54|520,54|521,54|522,54|523,54|524,68|518,130',19063),
(18064,'519,54|520,54|521,54|522,54|523,54|524,68|518,130',19064),
(18089,'519,54|520,54|521,54|522,54|523,54|524,68|525,68|518,130',19089),
(18090,'519,54|520,54|521,54|522,54|523,54|524,68|525,68|518,130',19090),
(18091,'519,54|520,54|521,54|522,54|523,54|524,68|525,68|518,130',19091),
(18092,'519,54|520,54|521,54|522,54|523,54|524,68|525,68|518,130',19092),
(18093,'519,54|520,54|521,54|522,54|523,54|524,68|525,68|518,130',19093),
(18094,'519,54|520,54|521,54|522,54|523,54|524,68|525,68|518,130',19094),
(18095,'519,54|520,54|521,54|522,54|523,54|524,68|525,68|518,130',19095),
(18096,'519,54|520,54|521,54|522,54|523,54|524,68|525,68|518,130',19096),
(18121,'519,100|520,100|521,100|522,100|523,100|524,120|525,120|518,150',19121),
(18122,'519,100|520,100|521,100|522,100|523,100|524,120|525,120|518,150',19122),
(18123,'519,100|520,100|521,100|522,100|523,100|524,120|525,120|518,150',19123),
(18124,'519,100|520,100|521,100|522,100|523,100|524,120|525,120|518,150',19124),
(18125,'519,100|520,100|521,100|522,100|523,100|524,120|525,120|518,150',19125),
(18126,'519,100|520,100|521,100|522,100|523,100|524,120|525,120|518,150',19126),
(18127,'519,100|520,100|521,100|522,100|523,100|524,120|525,120|518,150',19127),
(18128,'519,100|520,100|521,100|522,100|523,100|524,120|525,120|518,150',19128),
(18153,'519,120|520,120|521,120|522,120|523,120|524,150|525,150|518,180',19153),
(18154,'519,120|520,120|521,120|522,120|523,120|524,150|525,150|518,180',19154),
(18155,'519,120|520,120|521,120|522,120|523,120|524,150|525,150|518,180',19155),
(18156,'519,120|520,120|521,120|522,120|523,120|524,150|525,150|518,180',19156),
(18157,'519,120|520,120|521,120|522,120|523,120|524,150|525,150|518,180',19157),
(18158,'519,120|520,120|521,120|522,120|523,120|524,150|525,150|518,180',19158),
(18159,'519,120|520,120|521,120|522,120|523,120|524,150|525,150|518,180',19159),
(18160,'519,120|520,120|521,120|522,120|523,120|524,150|525,150|518,180',19160),
(18185,'519,150|520,150|521,150|522,150|523,150|524,180|525,180|518,220',19185),
(18186,'519,150|520,150|521,150|522,150|523,150|524,180|525,180|518,220',19186),
(18187,'519,150|520,150|521,150|522,150|523,150|524,180|525,180|518,220',19187),
(18188,'519,150|520,150|521,150|522,150|523,150|524,180|525,180|518,220',19188),
(18189,'519,150|520,150|521,150|522,150|523,150|524,180|525,180|518,220',19189),
(18190,'519,150|520,150|521,150|522,150|523,150|524,180|525,180|518,220',19190),
(18191,'519,150|520,150|521,150|522,150|523,150|524,180|525,180|518,220',19191),
(18192,'519,150|520,150|521,150|522,150|523,150|524,180|525,180|518,220',19192);
