INSERT INTO `fighter_prob` VALUES
(0,0,0),
(10,33,69),
(11,33,69),
(12,34,70),
(13,34,70),
(14,34,70),
(15,34,70),
(16,34,70),
(17,34,70),
(18,34,70),
(19,168,366),
(20,168,366),
(21,168,366),
(22,168,366),
(23,168,366),
(24,168,366),
(25,168,366),
(26,168,366),
(27,168,366),
(28,168,366),
(29,168,366),
(30,168,366),
(31,168,366),
(32,168,366),
(33,168,366),
(34,168,366),
(35,168,366),
(36,168,366),
(37,672,1350),
(38,672,1350),
(39,672,1350),
(40,672,1350),
(41,672,1350),
(42,672,1350),
(43,672,1350),
(44,672,1350),
(45,672,1350),
(46,672,1350),
(47,672,1350),
(48,672,1350),
(49,672,1350),
(50,672,1350),
(51,672,1350),
(52,672,1350),
(53,672,1350),
(54,672,1350),
(55,672,1350),
(56,672,1350),
(57,672,1350),
(58,672,1350),
(59,672,1350),
(60,672,1350),
(61,1678,1258),
(62,1678,1258),
(63,1678,1258),
(64,1678,1258),
(65,1678,1258),
(66,1678,1258),
(67,1678,1258),
(68,1678,1258),
(69,1678,1258),
(70,1678,1258),
(71,1678,1258),
(72,1678,1258),
(73,1678,1258),
(74,1678,1258),
(75,1678,1258),
(76,1678,1258),
(77,1678,1258),
(78,1678,1258),
(79,1678,1258),
(80,1678,1258),
(81,1678,1258),
(82,1678,1258),
(83,1678,1258),
(84,1678,1258),
(85,1678,1258),
(86,1678,1258),
(87,1678,1258),
(88,1678,1258),
(89,1678,1258),
(90,1678,1258),
(91,1678,1258),
(92,1678,1258),
(93,1678,1258),
(94,1678,1258),
(95,1678,1258),
(96,1678,1258),
(97,1678,1258),
(98,1678,1258),
(99,1678,1258),
(100,1678,1258),
(101,1678,1258),
(102,1678,1258),
(103,1678,1258),
(104,1678,1258),
(105,1678,1258),
(106,1678,1258),
(107,1678,1258),
(108,1678,1258);
