INSERT INTO `floorAttr` VALUES
(0,0.00,0.00,0.00),
(1,0.00,0.00,0.00),
(2,12.00,10.00,5.00),
(3,30.00,20.00,10.00),
(4,48.00,30.00,20.00),
(5,66.00,45.00,30.00),
(6,84.00,55.00,45.00),
(7,102.00,70.00,60.00),
(8,120.00,85.00,80.00),
(9,144.00,105.00,95.00),
(10,168.00,130.00,110.00),
(11,192.00,150.00,130.00),
(12,216.00,177.50,150.00),
(13,240.00,205.00,175.00),
(14,270.00,232.50,200.00),
(15,306.00,265.50,220.00),
(16,342.00,298.50,240.00),
(17,378.00,331.50,265.00),
(18,414.00,364.50,295.00),
(19,450.00,397.50,330.00),
(20,492.00,430.50,365.00),
(21,528.00,469.00,400.00),
(22,542.00,481.00,405.50),
(23,563.00,493.00,411.00),
(24,584.00,505.00,422.00),
(25,605.00,523.00,433.00),
(26,626.00,535.00,449.50),
(27,647.00,553.00,466.00),
(28,668.00,571.00,488.00),
(29,696.00,595.00,504.50),
(30,724.00,625.00,521.00),
(31,752.00,649.00,543.00),
(32,780.00,679.00,567.00),
(33,808.00,709.00,597.00),
(34,843.00,739.00,627.00),
(35,885.00,775.00,651.00),
(36,927.00,811.00,675.00),
(37,969.00,847.00,705.00),
(38,1011.00,883.00,741.00),
(39,1053.00,919.00,783.00),
(40,1102.00,955.00,825.00),
(41,1144.00,997.00,867.00),
(42,1160.00,1010.00,873.00),
(43,1184.00,1023.00,879.00),
(44,1208.00,1036.00,891.00),
(45,1232.00,1055.50,903.00),
(46,1256.00,1068.50,921.00),
(47,1280.00,1088.00,939.00),
(48,1304.00,1107.50,963.00),
(49,1336.00,1133.50,981.00),
(50,1368.00,1166.00,999.00),
(51,1400.00,1192.00,1023.00),
(52,1432.00,1224.50,1047.00),
(53,1464.00,1257.00,1077.00),
(54,1504.00,1289.50,1107.00),
(55,1552.00,1328.50,1131.00),
(56,1600.00,1367.50,1155.00),
(57,1648.00,1406.50,1185.00),
(58,1696.00,1445.50,1221.00),
(59,1744.00,1484.50,1263.00),
(60,1800.00,1523.50,1305.00),
(61,1848.00,1569.00,1347.00),
(62,1866.00,1582.00,1353.50),
(63,1893.00,1595.00,1360.00),
(64,1920.00,1608.00,1373.00),
(65,1947.00,1627.50,1386.00),
(66,1974.00,1640.50,1405.50),
(67,2001.00,1660.00,1425.00),
(68,2028.00,1679.50,1451.00),
(69,2064.00,1705.50,1470.50),
(70,2100.00,1738.00,1490.00),
(71,2136.00,1764.00,1516.00),
(72,2172.00,1796.50,1542.00),
(73,2208.00,1829.00,1574.50),
(74,2253.00,1861.50,1607.00),
(75,2307.00,1900.50,1633.00),
(76,2361.00,1939.50,1659.00),
(77,2415.00,1978.50,1691.50),
(78,2469.00,2017.50,1730.50),
(79,2523.00,2056.50,1776.00),
(80,2586.00,2095.50,1821.50),
(81,2640.00,2141.00,1867.00),
(82,2658.00,2155.00,1874.00),
(83,2685.00,2169.00,1881.00),
(84,2712.00,2183.00,1895.00),
(85,2739.00,2204.00,1909.00),
(86,2766.00,2218.00,1930.00),
(87,2793.00,2239.00,1951.00),
(88,2820.00,2260.00,1979.00),
(89,2856.00,2288.00,2000.00),
(90,2892.00,2323.00,2021.00),
(91,2928.00,2351.00,2049.00),
(92,2964.00,2386.00,2077.00),
(93,3000.00,2421.00,2112.00),
(94,3045.00,2456.00,2147.00),
(95,3099.00,2498.00,2175.00),
(96,3153.00,2540.00,2203.00),
(97,3207.00,2582.00,2238.00),
(98,3261.00,2624.00,2280.00),
(99,3315.00,2666.00,2329.00),
(100,3378.00,2708.00,2378.00),
(101,3432.00,2757.00,2427.00);
