INSERT INTO `formation` VALUES
(1,'七绝阵',8,11000,12,11000,17,11000,7,11000,16,11000),
(2,'奇门阵',13,11000,7,11000,17,11000,6,11000,16,11000),
(3,'地煞阵',18,11000,7,11000,12,11000,6,11000,17,11000),
(4,'四象阵',13,11000,18,11000,6,11000,7,11000,17,11000),
(5,'八卦阵',13,11000,8,11000,6,11000,17,11000,11,11000),
(6,'七星阵',13,11000,18,11000,7,11000,16,11000,11,11000),
(7,'烈火阵',13,11000,12,11000,7,11000,17,11000,11,11000),
(8,'五行阵',13,11000,8,11000,12,11000,18,11000,11,11000),
(9,'太极阵',8,11000,17,11000,18,11000,11,11000,7,11000),
(10,'伏魔阵',8,11000,18,11000,16,11000,12,11000,7,11000),
(11,'九宫阵',8,11000,18,11000,12,11000,6,11000,17,11000),
(12,'两仪阵',18,11000,6,11000,16,11000,8,11000,12,11000);
