INSERT INTO `frontmap` VALUES
(1,1,1,5410),
(1,2,1,5411),
(1,3,1,5412),
(1,4,1,5413),
(1,5,1,5414),
(1,6,1,5415),
(1,7,1,5416),
(1,8,1,5417),
(2,1,1,5419),
(2,2,1,5420),
(2,3,1,5421),
(2,4,1,5422),
(2,5,1,5423),
(2,6,1,5424),
(2,7,1,5425),
(2,8,1,5426),
(2,9,1,5427),
(3,1,1,5428),
(3,2,1,5429),
(3,3,1,5430),
(3,4,1,5431),
(3,5,1,5432),
(3,6,1,5433),
(3,7,1,5434),
(3,8,1,5435),
(4,1,1,5436),
(4,2,1,5437),
(4,3,1,5438),
(4,4,1,5439),
(4,5,1,5440),
(4,6,1,5441),
(4,7,1,5442),
(4,8,1,5443),
(4,9,1,5444),
(4,10,1,5445),
(5,1,1,5446),
(5,2,1,5447),
(5,3,1,5448),
(5,4,1,5449),
(5,5,1,5450),
(5,6,1,5451),
(5,7,1,5452),
(5,8,1,5453),
(5,9,1,5454),
(5,10,1,5455),
(5,11,1,5456),
(6,1,1,5457),
(6,2,1,5458),
(6,3,1,5459),
(6,4,1,5460),
(6,5,1,5461),
(6,6,1,5462),
(6,7,1,5463),
(6,8,1,5464),
(6,9,1,5465),
(7,1,1,5516),
(7,2,1,5517),
(7,3,1,5518),
(7,4,1,5519),
(7,5,1,5520),
(7,6,1,5521),
(7,7,1,5522),
(7,8,1,5523),
(7,9,1,5524),
(7,10,1,5525),
(8,1,1,5526),
(8,2,1,5527),
(8,3,1,5528),
(8,4,1,5529),
(8,5,1,5530),
(8,6,1,5531),
(8,7,1,5532),
(8,8,1,5533),
(9,1,1,5534),
(9,2,1,5535),
(9,3,1,5536),
(9,4,1,5537),
(9,5,1,5538),
(9,6,1,5539),
(9,7,1,5540),
(9,8,1,5541),
(9,9,1,5542),
(9,10,1,5543),
(9,11,1,5544),
(10,1,1,5545),
(10,2,1,5546),
(10,3,1,5547),
(10,4,1,5548),
(10,5,1,5549),
(10,6,1,5550),
(10,7,1,5551),
(10,8,1,5552),
(10,9,1,5553),
(10,10,1,5554),
(10,11,1,5555),
(11,1,1,5556),
(11,2,1,5557),
(11,3,1,5558),
(11,4,1,5559),
(11,5,1,5560),
(11,6,1,5561),
(11,7,1,5562),
(11,8,1,5563),
(12,1,1,5564),
(12,2,1,5565),
(12,3,1,5566),
(12,4,1,5567),
(12,5,1,5568),
(12,6,1,5569),
(12,7,1,5570),
(101,1,1,15410),
(101,2,1,15411),
(101,3,1,15412),
(101,4,1,15413),
(101,5,1,15414),
(101,6,1,15415),
(101,7,1,15416),
(101,8,1,15417),
(102,1,1,15419),
(102,2,1,15420),
(102,3,1,15421),
(102,4,1,15422),
(102,5,1,15423),
(102,6,1,15424),
(102,7,1,15425),
(102,8,1,15426),
(102,9,1,15427),
(103,1,1,15428),
(103,2,1,15429),
(103,3,1,15430),
(103,4,1,15431),
(103,5,1,15432),
(103,6,1,15433),
(103,7,1,15434),
(103,8,1,15435),
(104,1,1,15436),
(104,2,1,15437),
(104,3,1,15438),
(104,4,1,15439),
(104,5,1,15440),
(104,6,1,15441),
(104,7,1,15442),
(104,8,1,15443),
(104,9,1,15444),
(104,10,1,15445),
(105,1,1,15446),
(105,2,1,15447),
(105,3,1,15448),
(105,4,1,15449),
(105,5,1,15450),
(105,6,1,15451),
(105,7,1,15452),
(105,8,1,15453),
(105,9,1,15454),
(105,10,1,15455),
(105,11,1,15456),
(106,1,1,15457),
(106,2,1,15458),
(106,3,1,15459),
(106,4,1,15460),
(106,5,1,15461),
(106,6,1,15462),
(106,7,1,15463),
(106,8,1,15464),
(106,9,1,15465),
(107,1,1,15516),
(107,2,1,15517),
(107,3,1,15518),
(107,4,1,15519),
(107,5,1,15520),
(107,6,1,15521),
(107,7,1,15522),
(107,8,1,15523),
(107,9,1,15524),
(107,10,1,15525),
(108,1,1,15526),
(108,2,1,15527),
(108,3,1,15528),
(108,4,1,15529),
(108,5,1,15530),
(108,6,1,15531),
(108,7,1,15532),
(108,8,1,15533),
(109,1,1,15534),
(109,2,1,15535),
(109,3,1,15536),
(109,4,1,15537),
(109,5,1,15538),
(109,6,1,15539),
(109,7,1,15540),
(109,8,1,15541),
(109,9,1,15542),
(109,10,1,15543),
(109,11,1,15544),
(110,1,1,15545),
(110,2,1,15546),
(110,3,1,15547),
(110,4,1,15548),
(110,5,1,15549),
(110,6,1,15550),
(110,7,1,15551),
(110,8,1,15552),
(110,9,1,15553),
(110,10,1,15554),
(110,11,1,15555),
(111,1,1,15556),
(111,2,1,15557),
(111,3,1,15558),
(111,4,1,15559),
(111,5,1,15560),
(111,6,1,15561),
(111,7,1,15562),
(111,8,1,15563),
(112,1,1,15564),
(112,2,1,15565),
(112,3,1,15566),
(112,4,1,15567),
(112,5,1,15568),
(112,6,1,15569),
(112,7,1,15570);
