INSERT INTO `gear` VALUES
(101,72,72,72,192,369,18.000000,108.000000,0.000000,0.000000,120.000000,5.600000,1.400000),
(111,54,0,0,48,92,12.000000,0.000000,0.000000,0.000000,0.000000,2.800000,0.200000),
(112,0,54,0,48,92,0.000000,72.000000,0.000000,0.000000,0.000000,2.800000,0.200000),
(113,0,0,54,48,92,0.000000,0.000000,0.000000,0.000000,80.000000,2.800000,0.200000),
(121,18,0,9,24,46,15.000000,0.000000,0.000000,0.000000,0.000000,0.000000,0.000000),
(122,0,18,9,24,46,15.000000,0.000000,0.000000,0.000000,0.000000,0.000000,0.000000),
(123,9,0,18,24,46,0.000000,90.000000,0.000000,0.000000,0.000000,0.000000,0.000000),
(124,18,9,0,24,46,0.000000,90.000000,0.000000,0.000000,0.000000,0.000000,0.000000),
(125,9,18,0,24,46,0.000000,0.000000,0.000000,0.000000,100.000000,0.000000,0.000000),
(126,0,9,18,24,46,0.000000,0.000000,0.000000,0.000000,100.000000,0.000000,0.000000),
(201,145,145,145,385,737,108.000000,18.000000,0.000000,0.000000,120.000000,5.600000,1.400000),
(211,109,0,0,96,184,72.000000,0.000000,0.000000,0.000000,0.000000,2.800000,0.200000),
(212,0,109,0,96,184,0.000000,12.000000,0.000000,0.000000,0.000000,2.800000,0.200000),
(213,0,0,109,96,184,0.000000,0.000000,0.000000,0.000000,80.000000,2.800000,0.200000),
(221,36,0,18,48,92,90.000000,0.000000,0.000000,0.000000,0.000000,0.000000,0.000000),
(222,0,36,18,48,92,90.000000,0.000000,0.000000,0.000000,0.000000,0.000000,0.000000),
(223,18,0,36,48,92,0.000000,15.000000,0.000000,0.000000,0.000000,0.000000,0.000000),
(224,36,18,0,48,92,0.000000,15.000000,0.000000,0.000000,0.000000,0.000000,0.000000),
(225,18,36,0,48,92,0.000000,0.000000,0.000000,0.000000,100.000000,0.000000,0.000000),
(226,0,18,36,48,92,0.000000,0.000000,0.000000,0.000000,100.000000,0.000000,0.000000),
(301,362,362,362,962,1843,18.000000,108.000000,0.000000,0.000000,120.000000,5.600000,1.400000),
(311,272,0,0,241,461,12.000000,0.000000,0.000000,0.000000,0.000000,2.800000,0.200000),
(312,0,272,0,241,461,0.000000,72.000000,0.000000,0.000000,0.000000,2.800000,0.200000),
(313,0,0,272,241,461,0.000000,0.000000,0.000000,0.000000,80.000000,2.800000,0.200000),
(321,91,0,45,120,230,15.000000,0.000000,0.000000,0.000000,0.000000,0.000000,0.000000),
(322,0,91,45,120,230,15.000000,0.000000,0.000000,0.000000,0.000000,0.000000,0.000000),
(323,45,0,91,120,230,0.000000,90.000000,0.000000,0.000000,0.000000,0.000000,0.000000),
(324,91,45,0,120,230,0.000000,90.000000,0.000000,0.000000,0.000000,0.000000,0.000000),
(325,45,91,0,120,230,0.000000,0.000000,0.000000,0.000000,100.000000,0.000000,0.000000),
(326,0,45,91,120,230,0.000000,0.000000,0.000000,0.000000,100.000000,0.000000,0.000000),
(401,1629,1629,1629,4329,8294,27.000000,27.000000,0.000000,0.000000,270.000000,8.400000,2.100000),
(411,1222,0,0,1082,2074,18.000000,0.000000,0.000000,0.000000,0.000000,4.200000,0.300000),
(412,0,1222,0,1082,2074,0.000000,18.000000,0.000000,0.000000,0.000000,4.200000,0.300000),
(413,0,0,1222,1082,2074,0.000000,0.000000,0.000000,0.000000,180.000000,4.200000,0.300000),
(421,407,0,204,541,1037,22.500000,0.000000,0.000000,0.000000,0.000000,0.000000,0.000000),
(422,0,407,204,541,1037,22.500000,0.000000,0.000000,0.000000,0.000000,0.000000,0.000000),
(423,204,0,407,541,1037,0.000000,22.500000,0.000000,0.000000,0.000000,0.000000,0.000000),
(424,407,204,0,541,1037,0.000000,22.500000,0.000000,0.000000,0.000000,0.000000,0.000000),
(425,204,407,0,541,1037,0.000000,0.000000,0.000000,0.000000,225.000000,0.000000,0.000000),
(426,0,204,407,541,1037,0.000000,0.000000,0.000000,0.000000,225.000000,0.000000,0.000000),
(501,1629,1629,1629,4329,8294,162.000000,27.000000,0.000000,0.000000,180.000000,8.400000,2.100000),
(511,1222,0,0,1082,2074,108.000000,0.000000,0.000000,0.000000,0.000000,4.200000,0.300000),
(512,0,1222,0,1082,2074,0.000000,18.000000,0.000000,0.000000,0.000000,4.200000,0.300000),
(513,0,0,1222,1082,2074,0.000000,0.000000,0.000000,0.000000,120.000000,4.200000,0.300000),
(521,407,0,204,541,1037,135.000000,0.000000,0.000000,0.000000,0.000000,0.000000,0.000000),
(522,0,407,204,541,1037,135.000000,0.000000,0.000000,0.000000,0.000000,0.000000,0.000000),
(523,204,0,407,541,1037,0.000000,22.500000,0.000000,0.000000,0.000000,0.000000,0.000000),
(524,407,204,0,541,1037,0.000000,22.500000,0.000000,0.000000,0.000000,0.000000,0.000000),
(525,204,407,0,541,1037,0.000000,0.000000,0.000000,0.000000,150.000000,0.000000,0.000000),
(526,0,204,407,541,1037,0.000000,0.000000,0.000000,0.000000,150.000000,0.000000,0.000000),
(601,2896,2896,2896,7696,14746,36.000000,36.000000,0.000000,0.000000,360.000000,11.200000,2.800000),
(611,2172,0,0,1924,3686,24.000000,0.000000,0.000000,0.000000,0.000000,5.600000,0.400000),
(612,0,2172,0,1924,3686,0.000000,24.000000,0.000000,0.000000,0.000000,5.600000,0.400000),
(613,0,0,2172,1924,3686,0.000000,0.000000,0.000000,0.000000,240.000000,5.600000,0.400000),
(621,724,0,362,962,1843,30.000000,0.000000,0.000000,0.000000,0.000000,0.000000,0.000000),
(622,0,724,362,962,1843,30.000000,0.000000,0.000000,0.000000,0.000000,0.000000,0.000000),
(623,362,0,724,962,1843,0.000000,30.000000,0.000000,0.000000,0.000000,0.000000,0.000000),
(624,724,362,0,962,1843,0.000000,30.000000,0.000000,0.000000,0.000000,0.000000,0.000000),
(625,362,724,0,962,1843,0.000000,0.000000,0.000000,0.000000,300.000000,0.000000,0.000000),
(626,0,362,724,962,1843,0.000000,0.000000,0.000000,0.000000,300.000000,0.000000,0.000000),
(701,2896,2896,2896,7696,14746,72.000000,36.000000,0.000000,0.000000,120.000000,16.800000,2.800000),
(711,2172,0,0,1924,3686,48.000000,0.000000,0.000000,0.000000,0.000000,8.400000,0.400000),
(712,0,2172,0,1924,3686,0.000000,24.000000,0.000000,0.000000,0.000000,8.400000,0.400000),
(713,0,0,2172,1924,3686,0.000000,0.000000,0.000000,0.000000,80.000000,8.400000,0.400000),
(721,724,0,362,962,1843,60.000000,0.000000,0.000000,0.000000,0.000000,0.000000,0.000000),
(722,0,724,362,962,1843,60.000000,0.000000,0.000000,0.000000,0.000000,0.000000,0.000000),
(723,362,0,724,962,1843,0.000000,30.000000,0.000000,0.000000,0.000000,0.000000,0.000000),
(724,724,362,0,962,1843,0.000000,30.000000,0.000000,0.000000,0.000000,0.000000,0.000000),
(725,362,724,0,962,1843,0.000000,0.000000,0.000000,0.000000,100.000000,0.000000,0.000000),
(726,0,362,724,962,1843,0.000000,0.000000,0.000000,0.000000,100.000000,0.000000,0.000000),
(801,2896,2896,2896,7696,14746,45.000000,45.000000,0.000000,0.000000,300.000000,14.000000,4.900000),
(811,2172,0,0,1924,3686,30.000000,0.000000,0.000000,0.000000,0.000000,7.000000,0.700000),
(812,0,2172,0,1924,3686,0.000000,30.000000,0.000000,0.000000,0.000000,7.000000,0.700000),
(813,0,0,2172,1924,3686,0.000000,0.000000,0.000000,0.000000,200.000000,7.000000,0.700000),
(821,724,0,362,962,1843,37.500000,0.000000,0.000000,0.000000,0.000000,0.000000,0.000000),
(822,0,724,362,962,1843,37.500000,0.000000,0.000000,0.000000,0.000000,0.000000,0.000000),
(823,362,0,724,962,1843,0.000000,37.500000,0.000000,0.000000,0.000000,0.000000,0.000000),
(824,724,362,0,962,1843,0.000000,37.500000,0.000000,0.000000,0.000000,0.000000,0.000000),
(825,362,724,0,962,1843,0.000000,0.000000,0.000000,0.000000,250.000000,0.000000,0.000000),
(826,0,362,724,962,1843,0.000000,0.000000,0.000000,0.000000,250.000000,0.000000,0.000000),
(901,3258,3258,3258,8658,16589,45.000000,45.000000,0.000000,0.000000,450.000000,14.000000,3.500000),
(911,2444,0,0,2165,4147,30.000000,0.000000,0.000000,0.000000,0.000000,7.000000,0.500000),
(912,0,2444,0,2165,4147,0.000000,30.000000,0.000000,0.000000,0.000000,7.000000,0.500000),
(913,0,0,2444,2165,4147,0.000000,0.000000,0.000000,0.000000,300.000000,7.000000,0.500000),
(921,815,0,407,1082,2074,37.500000,0.000000,0.000000,0.000000,0.000000,0.000000,0.000000),
(922,0,815,407,1082,2074,37.500000,0.000000,0.000000,0.000000,0.000000,0.000000,0.000000),
(923,407,0,815,1082,2074,0.000000,37.500000,0.000000,0.000000,0.000000,0.000000,0.000000),
(924,815,407,0,1082,2074,0.000000,37.500000,0.000000,0.000000,0.000000,0.000000,0.000000),
(925,407,815,0,1082,2074,0.000000,0.000000,0.000000,0.000000,375.000000,0.000000,0.000000),
(926,0,407,815,1082,2074,0.000000,0.000000,0.000000,0.000000,375.000000,0.000000,0.000000),
(1001,3258,3258,3258,8658,16589,324.000000,54.000000,0.000000,0.000000,360.000000,16.800000,4.200000),
(1011,2444,0,0,2165,4147,216.000000,0.000000,0.000000,0.000000,0.000000,8.400000,0.600000),
(1012,0,2444,0,2165,4147,0.000000,36.000000,0.000000,0.000000,0.000000,8.400000,0.600000),
(1013,0,0,2444,2165,4147,0.000000,0.000000,0.000000,0.000000,240.000000,8.400000,0.600000),
(1021,815,0,407,1082,2074,270.000000,0.000000,0.000000,0.000000,0.000000,0.000000,0.000000),
(1022,0,815,407,1082,2074,270.000000,0.000000,0.000000,0.000000,0.000000,0.000000,0.000000),
(1023,407,0,815,1082,2074,0.000000,45.000000,0.000000,0.000000,0.000000,0.000000,0.000000),
(1024,815,407,0,1082,2074,0.000000,45.000000,0.000000,0.000000,0.000000,0.000000,0.000000),
(1025,407,815,0,1082,2074,0.000000,0.000000,0.000000,0.000000,300.000000,0.000000,0.000000),
(1026,0,407,815,1082,2074,0.000000,0.000000,0.000000,0.000000,300.000000,0.000000,0.000000),
(1101,3258,3258,3258,8658,16589,54.000000,54.000000,0.000000,0.000000,540.000000,16.800000,4.200000),
(1111,2444,0,0,2165,4147,36.000000,0.000000,0.000000,0.000000,0.000000,8.400000,0.600000),
(1112,0,2444,0,2165,4147,0.000000,36.000000,0.000000,0.000000,0.000000,8.400000,0.600000),
(1113,0,0,2444,2165,4147,0.000000,0.000000,0.000000,0.000000,360.000000,8.400000,0.600000),
(1121,815,0,407,1082,2074,45.000000,0.000000,0.000000,0.000000,0.000000,0.000000,0.000000),
(1122,0,815,407,1082,2074,45.000000,0.000000,0.000000,0.000000,0.000000,0.000000,0.000000),
(1123,407,0,815,1082,2074,0.000000,45.000000,0.000000,0.000000,0.000000,0.000000,0.000000),
(1124,815,407,0,1082,2074,0.000000,45.000000,0.000000,0.000000,0.000000,0.000000,0.000000),
(1125,407,815,0,1082,2074,0.000000,0.000000,0.000000,0.000000,450.000000,0.000000,0.000000),
(1126,0,407,815,1082,2074,0.000000,0.000000,0.000000,0.000000,450.000000,0.000000,0.000000),
(1201,4634,4634,4634,12314,23593,72.000000,432.000000,0.000000,0.000000,480.000000,22.400000,5.600000),
(1211,3475,0,0,3078,5898,48.000000,0.000000,0.000000,0.000000,0.000000,11.200000,0.800000),
(1212,0,3475,0,3078,5898,0.000000,288.000000,0.000000,0.000000,0.000000,11.200000,0.800000),
(1213,0,0,3475,3078,5898,0.000000,0.000000,0.000000,0.000000,320.000000,11.200000,0.800000),
(1221,1158,0,579,1539,2949,60.000000,0.000000,0.000000,0.000000,0.000000,0.000000,0.000000),
(1222,0,1158,579,1539,2949,60.000000,0.000000,0.000000,0.000000,0.000000,0.000000,0.000000),
(1223,579,0,1158,1539,2949,0.000000,360.000000,0.000000,0.000000,0.000000,0.000000,0.000000),
(1224,1158,579,0,1539,2949,0.000000,360.000000,0.000000,0.000000,0.000000,0.000000,0.000000),
(1225,579,1158,0,1539,2949,0.000000,0.000000,0.000000,0.000000,400.000000,0.000000,0.000000),
(1226,0,579,1158,1539,2949,0.000000,0.000000,0.000000,0.000000,400.000000,0.000000,0.000000),
(1301,4634,4634,4634,12314,23593,72.000000,72.000000,0.000000,0.000000,720.000000,22.400000,5.600000),
(1311,3475,0,0,3078,5898,48.000000,0.000000,0.000000,0.000000,0.000000,11.200000,0.800000),
(1312,0,3475,0,3078,5898,0.000000,48.000000,0.000000,0.000000,0.000000,11.200000,0.800000),
(1313,0,0,3475,3078,5898,0.000000,0.000000,0.000000,0.000000,480.000000,11.200000,0.800000),
(1321,1158,0,579,1539,2949,60.000000,0.000000,0.000000,0.000000,0.000000,0.000000,0.000000),
(1322,0,1158,579,1539,2949,60.000000,0.000000,0.000000,0.000000,0.000000,0.000000,0.000000),
(1323,579,0,1158,1539,2949,0.000000,60.000000,0.000000,0.000000,0.000000,0.000000,0.000000),
(1324,1158,579,0,1539,2949,0.000000,60.000000,0.000000,0.000000,0.000000,0.000000,0.000000),
(1325,579,1158,0,1539,2949,0.000000,0.000000,0.000000,0.000000,600.000000,0.000000,0.000000),
(1326,0,579,1158,1539,2949,0.000000,0.000000,0.000000,0.000000,600.000000,0.000000,0.000000),
(1401,4634,4634,4634,12314,23593,144.000000,72.000000,0.000000,0.000000,240.000000,33.600000,5.600000),
(1411,3475,0,0,3078,5898,96.000000,0.000000,0.000000,0.000000,0.000000,16.800000,0.800000),
(1412,0,3475,0,3078,5898,0.000000,48.000000,0.000000,0.000000,0.000000,16.800000,0.800000),
(1413,0,0,3475,3078,5898,0.000000,0.000000,0.000000,0.000000,160.000000,16.800000,0.800000),
(1421,1158,0,579,1539,2949,120.000000,0.000000,0.000000,0.000000,0.000000,0.000000,0.000000),
(1422,0,1158,579,1539,2949,120.000000,0.000000,0.000000,0.000000,0.000000,0.000000,0.000000),
(1423,579,0,1158,1539,2949,0.000000,60.000000,0.000000,0.000000,0.000000,0.000000,0.000000),
(1424,1158,579,0,1539,2949,0.000000,60.000000,0.000000,0.000000,0.000000,0.000000,0.000000),
(1425,579,1158,0,1539,2949,0.000000,0.000000,0.000000,0.000000,200.000000,0.000000,0.000000),
(1426,0,579,1158,1539,2949,0.000000,0.000000,0.000000,0.000000,200.000000,0.000000,0.000000);
