INSERT INTO `geartree` VALUES
(101,0,111,121,0,112,122,0,113,123,0),
(201,101,211,221,0,212,222,0,213,223,0),
(301,201,311,321,0,312,322,0,313,323,0),
(401,301,411,421,0,412,422,0,413,423,0),
(501,301,511,521,522,512,523,0,513,524,0),
(601,401,611,621,622,612,623,0,613,624,0),
(701,501,711,721,722,712,723,0,713,724,0),
(801,501,811,821,822,812,823,0,813,824,0),
(901,601,911,921,922,912,923,924,913,925,0),
(1001,701,1011,1021,1022,1012,1023,1024,1013,1025,0),
(1101,801,1111,1121,1122,1112,1123,1124,1113,1125,0),
(1201,901,1211,1221,1222,1212,1223,1224,1213,1225,0),
(1301,1001,1311,1321,1322,1312,1323,1324,1313,1325,1326),
(1401,1101,1411,1421,1422,1412,1423,1424,1413,1425,1426);
