INSERT INTO `horcruxHoldAttr1` VALUES
(90,35),
(183,40),
(281,45),
(381,50),
(486,55),
(595,60),
(708,65),
(825,70),
(947,75),
(1073,80),
(1204,86),
(1341,92),
(1482,98),
(1629,104),
(1782,110),
(1941,116),
(2106,122),
(2277,128),
(2454,134),
(2639,140),
(2830,148),
(3029,156),
(3236,164),
(3450,172),
(3673,180),
(3905,188),
(4145,196),
(4395,204),
(4654,212),
(4923,220),
(5203,231),
(5493,242),
(5794,253),
(6107,264),
(6433,275),
(6770,286),
(7121,297),
(7485,308),
(7863,319),
(8256,330),
(8664,345),
(9087,360),
(9527,375),
(9984,390),
(10458,405),
(10951,420),
(11463,435),
(11994,450),
(12546,465),
(13119,480),
(13714,499),
(14332,518),
(14974,537),
(15640,556),
(16332,575),
(17051,594),
(17797,613),
(18573,632),
(19378,651),
(20214,670),
(21082,694),
(21984,718),
(22920,742),
(23892,766),
(24902,790),
(25951,814),
(27040,838),
(28171,862),
(29346,886),
(30565,910),
(31832,939),
(33148,968),
(34514,997),
(35933,1026),
(37406,1055),
(38936,1084),
(40525,1113),
(42176,1142),
(43889,1171),
(45669,1200),
(47517,1234),
(49437,1268),
(51430,1302),
(53500,1336),
(55650,1370),
(57882,1404),
(60201,1438),
(62609,1472),
(65109,1506),
(67706,1540),
(70402,1585),
(73203,1630),
(76111,1675),
(79131,1720),
(82268,1765),
(85525,1810),
(88908,1855),
(92421,1900),
(96069,1945),
(99858,1990);
