INSERT INTO `incenseAttr` VALUES
(0,0.00),
(35,0.50),
(69,1.00),
(106,1.50),
(154,2.00),
(217,2.50),
(299,3.00),
(405,3.50),
(543,4.00),
(722,4.50),
(956,5.00),
(1259,5.70),
(1653,6.40),
(2083,7.10),
(2551,7.80),
(3062,8.50),
(3619,9.20),
(4225,9.90),
(4886,10.60),
(5607,11.30),
(6393,12.00),
(7249,12.70),
(8183,14.30),
(9192,15.90),
(10285,17.50),
(11468,19.10),
(12747,20.70),
(14131,22.30),
(15629,23.90),
(17249,25.50),
(19003,27.10),
(20900,28.70),
(22953,31.20),
(25131,33.70),
(27441,36.20),
(29893,38.70),
(32495,41.20),
(35255,43.70),
(38183,46.20),
(41290,48.70),
(44587,51.20);
