INSERT INTO `item_template` VALUES
(0,'等级',0,0,0,0,0,0,0,0,0,0,0),
(1,'金创药',20,0,1,1,1,99,0,0,0,0,0),
(2,'初级单体增强符',20,0,1,1,2,99,0,0,0,0,0),
(3,'中级单体增强符',20,0,1,1,3,99,0,0,0,0,0),
(4,'高级单体增强符',20,0,1,1,4,99,0,0,0,0,0),
(5,'初级群体增强符',20,0,1,1,2,99,0,0,0,0,0),
(6,'中级群体增强符',20,0,1,1,3,99,0,0,0,0,0),
(7,'高级群体增强符',20,0,1,1,4,99,0,0,0,0,0),
(8,'自动回血符（小）',20,0,1,1,3,99,0,0,0,0,0),
(9,'自动回血符（大）',20,0,1,1,4,99,0,0,0,0,0),
(10,'飞行符',20,0,1,1,3,99,0,0,0,0,0),
(11,'免战牌',20,0,1,1,3,99,0,0,0,0,0),
(12,'初级经验卡',20,0,1,1,2,99,0,0,0,0,0),
(13,'中级经验卡',20,0,1,1,3,99,0,0,0,0,0),
(14,'高级经验卡',20,0,1,1,4,99,0,0,0,0,0),
(15,'银票',20,0,1,1,4,99,0,0,0,0,0),
(16,'千里传音',20,0,1,1,2,99,0,0,0,0,0),
(17,'新手礼包',20,0,1,1,3,99,0,0,0,0,0),
(18,'10级礼包',20,0,10,1,3,99,0,0,0,0,0),
(19,'20级礼包',20,0,20,1,3,99,0,0,0,0,0),
(20,'30级礼包',20,0,30,1,3,99,0,0,0,0,0),
(21,'40级礼包',20,0,40,1,3,99,0,0,0,0,0),
(22,'师门任务宝箱',20,0,30,1,3,99,0,0,0,0,0),
(23,'师门任务宝箱',20,0,40,1,3,99,0,0,0,0,0),
(24,'师门任务宝箱',20,0,50,1,3,99,0,0,0,0,0),
(25,'师门任务宝箱',20,0,60,1,3,99,0,0,0,0,0),
(26,'师门任务宝箱',20,0,70,1,3,99,0,0,0,0,0),
(27,'师门任务宝箱',20,0,80,1,3,99,0,0,0,0,0),
(28,'师门任务宝箱',20,0,90,1,3,99,0,0,0,0,0),
(29,'初级道法金丹',20,0,1,1,2,99,0,0,0,0,0),
(30,'中级道法金丹',20,0,1,1,3,99,0,0,0,0,0),
(31,'高级道法金丹',20,0,1,1,4,99,0,0,0,0,0),
(32,'充值礼包',20,0,1,1,3,99,0,0,0,0,0),
(33,'无字天书',20,0,1,1,3,99,0,0,0,0,0),
(34,'宝石包',20,0,1,1,3,99,0,0,0,0,0),
(35,'宗族宝箱',20,0,40,1,3,99,0,0,0,0,0),
(36,'宗族宝箱',20,0,50,1,3,99,0,0,0,0,0),
(37,'宗族宝箱',20,0,60,1,3,99,0,0,0,0,0),
(38,'宗族宝箱',20,0,70,1,3,99,0,0,0,0,0),
(39,'宗族宝箱',20,0,80,1,3,99,0,0,0,0,0),
(40,'宗族宝箱',20,0,90,1,3,99,0,0,0,0,0),
(41,'挑战令牌',20,0,1,1,2,99,0,0,0,0,0),
(42,'三天VIP卡',20,0,1,1,3,99,0,0,0,0,0),
(43,'先天混沌元胎',20,0,1,1,5,99,0,0,0,0,0),
(44,'古籍',20,0,1,1,2,1,0,0,0,0,0),
(45,'破旧的书籍',20,0,1,1,1,99,0,0,0,0,0),
(46,'古籍珍品',20,0,1,1,2,99,0,0,0,0,0),
(500,'洗练符',50,0,1,1,3,99,0,0,0,0,0),
(501,'洗练保护符',50,0,1,1,4,99,0,0,0,0,0),
(502,'太乙真金',50,0,1,1,3,99,0,0,0,0,0),
(503,'太乙精金',50,0,1,1,4,99,0,0,0,0,0),
(504,'粗制拆卸石',50,0,1,1,4,99,0,0,0,0,0),
(505,'精制拆卸石',50,0,1,1,3,99,0,0,0,0,0),
(506,'补髓益元丹',50,0,1,1,4,99,0,0,0,0,0),
(507,'补髓丹',50,0,1,1,5,99,0,0,0,0,0),
(508,'凝神定气丹',50,0,1,1,3,99,0,0,0,0,0),
(509,'凝神丹',50,0,1,1,4,99,0,0,0,0,0),
(510,'初级打孔石',50,0,1,1,5,99,0,0,0,0,0),
(511,'中级打孔石',50,0,1,1,3,99,0,0,0,0,0),
(512,'高级打孔石',50,0,1,1,4,99,0,0,0,0,0),
(513,'宝石保护符',50,0,1,1,4,99,0,0,0,0,0),
(800,'澄心丹',80,0,1,1,1,1,1,0,0,0,0),
(801,'上品女儿红',80,0,1,1,1,1,1,0,0,0,0),
(802,'解毒药',80,0,1,1,1,1,1,0,0,0,0),
(803,'不死之血',80,0,1,1,1,1,1,0,0,0,0),
(804,'纸条',80,0,1,1,1,1,1,0,0,0,0),
(805,'地牢钥匙',80,0,1,1,1,1,1,0,0,0,0),
(806,'茎素草',80,0,1,1,1,1,1,0,0,0,0),
(807,'乌风草',80,0,1,1,1,1,1,0,0,0,0),
(808,'六魔首级',80,0,1,1,1,1,1,0,0,0,0),
(1000,'两仪阵图册',30,0,1,1,3,99,0,0,0,0,0),
(1001,'九宫阵图册',30,0,1,1,3,99,0,0,0,0,0),
(1002,'伏魔阵图册',30,0,1,1,3,99,0,0,0,0,0),
(1003,'太极阵图册',30,0,1,1,3,99,0,0,0,0,0),
(1004,'四象阵图册',30,0,1,1,3,99,0,0,0,0,0),
(1005,'七星阵图册',30,0,1,1,3,99,0,0,0,0,0),
(1006,'八卦阵图册',30,0,1,1,3,99,0,0,0,0,0),
(1007,'都天阵图册',30,0,1,1,3,99,0,0,0,0,0),
(1008,'地煞阵图册',30,0,1,1,3,99,0,0,0,0,0),
(1009,'七绝阵图册',30,0,1,1,3,99,0,0,0,0,0),
(1010,'五行阵图册',30,0,1,1,3,99,0,0,0,0,0),
(1011,'七色阵图册',30,0,1,1,3,99,0,0,0,0,0),
(1012,'先天一气神符',30,0,1,1,4,99,0,0,0,0,0),
(1013,'两仪微尘阵旗',30,0,1,1,4,99,0,0,0,0,0),
(1014,'阵旗（生门）',30,0,1,1,3,99,0,0,0,0,0),
(1015,'阵旗（死门）',30,0,1,1,3,99,0,0,0,0,0),
(1016,'阵旗（晦门）',30,0,1,1,3,99,0,0,0,0,0),
(1017,'阵旗（明门）',30,0,1,1,3,99,0,0,0,0,0),
(1018,'阵旗（幻门）',30,0,1,1,3,99,0,0,0,0,0),
(1019,'阵旗（灭门）',30,0,1,1,3,99,0,0,0,0,0),
(1020,'太乙九宫符',30,0,1,1,4,99,0,0,0,0,0),
(1021,'正反须弥九宫阵旗',30,0,1,1,4,99,0,0,0,0,0),
(1022,'阵旗（乾宫）',30,0,1,1,3,99,0,0,0,0,0),
(1023,'阵旗（坎宫）',30,0,1,1,3,99,0,0,0,0,0),
(1024,'阵旗（艮宫）',30,0,1,1,3,99,0,0,0,0,0),
(1025,'阵旗（震宫）',30,0,1,1,3,99,0,0,0,0,0),
(1026,'阵旗（中宫）',30,0,1,1,3,99,0,0,0,0,0),
(1027,'阵旗（巽宫）',30,0,1,1,3,99,0,0,0,0,0),
(1028,'阵旗（离宫）',30,0,1,1,3,99,0,0,0,0,0),
(1029,'阵旗（坤宫）',30,0,1,1,3,99,0,0,0,0,0),
(1030,'阵旗（兑宫）',30,0,1,1,3,99,0,0,0,0,0),
(1031,'般若波罗密心经',30,0,1,1,4,99,0,0,0,0,0),
(1032,'金刚伏魔阵旗',30,0,1,1,4,99,0,0,0,0,0),
(1033,'阵旗（喜）',30,0,1,1,3,99,0,0,0,0,0),
(1034,'阵旗（怒）',30,0,1,1,3,99,0,0,0,0,0),
(1035,'阵旗（哀）',30,0,1,1,3,99,0,0,0,0,0),
(1036,'阵旗（惧）',30,0,1,1,3,99,0,0,0,0,0),
(1037,'阵旗（爱）',30,0,1,1,3,99,0,0,0,0,0),
(1038,'阵旗（恶）',30,0,1,1,3,99,0,0,0,0,0),
(1039,'阵旗（欲）',30,0,1,1,3,99,0,0,0,0,0),
(1040,'紫薇无极令',30,0,1,1,4,99,0,0,0,0,0),
(1041,'紫薇太极阵旗',30,0,1,1,4,99,0,0,0,0,0),
(1042,'阵旗（天门）',30,0,1,1,3,99,0,0,0,0,0),
(1043,'阵旗（地门）',30,0,1,1,3,99,0,0,0,0,0),
(1044,'阵旗（日门）',30,0,1,1,3,99,0,0,0,0,0),
(1045,'阵旗（月门）',30,0,1,1,3,99,0,0,0,0,0),
(1046,'阵旗（阴门）',30,0,1,1,3,99,0,0,0,0,0),
(1047,'阵旗（阳门）',30,0,1,1,3,99,0,0,0,0,0),
(1048,'阵旗（风门）',30,0,1,1,3,99,0,0,0,0,0),
(1049,'阵旗（雨门）',30,0,1,1,3,99,0,0,0,0,0),
(1050,'阵旗（动门）',30,0,1,1,3,99,0,0,0,0,0),
(1051,'阵旗（静门）',30,0,1,1,3,99,0,0,0,0,0),
(1052,'五行真元',30,0,1,1,4,99,0,0,0,0,0),
(1053,'大五行灭绝阵旗',30,0,1,1,4,99,0,0,0,0,0),
(1054,'阵旗（金门）',30,0,1,1,3,99,0,0,0,0,0),
(1055,'阵旗（木门）',30,0,1,1,3,99,0,0,0,0,0),
(1056,'阵旗（水门）',30,0,1,1,3,99,0,0,0,0,0),
(1057,'阵旗（火门）',30,0,1,1,3,99,0,0,0,0,0),
(1058,'阵旗（土门）',30,0,1,1,3,99,0,0,0,0,0),
(1059,'诸天星灵',30,0,1,1,4,99,0,0,0,0,0),
(1060,'四象真灵阵旗',30,0,1,1,4,99,0,0,0,0,0),
(1061,'阵旗（青龙）',30,0,1,1,3,99,0,0,0,0,0),
(1062,'阵旗（朱雀）',30,0,1,1,3,99,0,0,0,0,0),
(1063,'阵旗（白虎）',30,0,1,1,3,99,0,0,0,0,0),
(1064,'阵旗（玄武）',30,0,1,1,3,99,0,0,0,0,0),
(1065,'玉清太虚灵符',30,0,1,1,4,99,0,0,0,0,0),
(1066,'北斗七星阵旗',30,0,1,1,4,99,0,0,0,0,0),
(1067,'阵旗（天枢）',30,0,1,1,3,99,0,0,0,0,0),
(1068,'阵旗（天璇）',30,0,1,1,3,99,0,0,0,0,0),
(1069,'阵旗（天玑）',30,0,1,1,3,99,0,0,0,0,0),
(1070,'阵旗（天权）',30,0,1,1,3,99,0,0,0,0,0),
(1071,'阵旗（玉衡）',30,0,1,1,3,99,0,0,0,0,0),
(1072,'阵旗（开阳）',30,0,1,1,3,99,0,0,0,0,0),
(1073,'阵旗（摇光）',30,0,1,1,3,99,0,0,0,0,0),
(1074,'河图洛书',30,0,1,1,4,99,0,0,0,0,0),
(1075,'颠倒八卦阵旗',30,0,1,1,4,99,0,0,0,0,0),
(1076,'阵旗（乾门）',30,0,1,1,3,99,0,0,0,0,0),
(1077,'阵旗（坎门）',30,0,1,1,3,99,0,0,0,0,0),
(1078,'阵旗（艮门）',30,0,1,1,3,99,0,0,0,0,0),
(1079,'阵旗（震门）',30,0,1,1,3,99,0,0,0,0,0),
(1080,'阵旗（巽门）',30,0,1,1,3,99,0,0,0,0,0),
(1081,'阵旗（离门）',30,0,1,1,3,99,0,0,0,0,0),
(1082,'阵旗（坤门）',30,0,1,1,3,99,0,0,0,0,0),
(1083,'阵旗（兑门）',30,0,1,1,3,99,0,0,0,0,0),
(1084,'魂魄归元符',30,0,1,1,4,99,0,0,0,0,0),
(1085,'都天烈火阵旗',30,0,1,1,4,99,0,0,0,0,0),
(1086,'阵旗（天魂）',30,0,1,1,3,99,0,0,0,0,0),
(1087,'阵旗（地魂）',30,0,1,1,3,99,0,0,0,0,0),
(1088,'阵旗（命魂）',30,0,1,1,3,99,0,0,0,0,0),
(1089,'阵旗（天冲）',30,0,1,1,3,99,0,0,0,0,0),
(1090,'阵旗（灵慧）',30,0,1,1,3,99,0,0,0,0,0),
(1091,'阵旗（气魄）',30,0,1,1,3,99,0,0,0,0,0),
(1092,'阵旗（力魄）',30,0,1,1,3,99,0,0,0,0,0),
(1093,'阵旗（中枢）',30,0,1,1,3,99,0,0,0,0,0),
(1094,'阵旗（精魄）',30,0,1,1,3,99,0,0,0,0,0),
(1095,'阵旗（英魄）',30,0,1,1,3,99,0,0,0,0,0),
(1096,'天罡地煞真灵',30,0,1,1,4,99,0,0,0,0,0),
(1097,'天罡地煞阵旗',30,0,1,1,4,99,0,0,0,0,0),
(1098,'阵旗（天魁）',30,0,1,1,3,99,0,0,0,0,0),
(1099,'阵旗（天罡）',30,0,1,1,3,99,0,0,0,0,0),
(1100,'阵旗（天机）',30,0,1,1,3,99,0,0,0,0,0),
(1101,'阵旗（地魁）',30,0,1,1,3,99,0,0,0,0,0),
(1102,'阵旗（地煞）',30,0,1,1,3,99,0,0,0,0,0),
(1103,'阵旗（地勇）',30,0,1,1,3,99,0,0,0,0,0),
(1104,'阵旗（地杰）',30,0,1,1,3,99,0,0,0,0,0),
(1105,'阵旗（地雄）',30,0,1,1,3,99,0,0,0,0,0),
(1106,'阵旗（地威）',30,0,1,1,3,99,0,0,0,0,0),
(1107,'逍遥游',30,0,1,1,4,99,0,0,0,0,0),
(1108,'七绝逍遥阵旗',30,0,1,1,4,99,0,0,0,0,0),
(1109,'阵旗（梦）',30,0,1,1,3,99,0,0,0,0,0),
(1110,'阵旗（幻）',30,0,1,1,3,99,0,0,0,0,0),
(1111,'阵旗（泡）',30,0,1,1,3,99,0,0,0,0,0),
(1112,'阵旗（影）',30,0,1,1,3,99,0,0,0,0,0),
(1113,'阵旗（霜）',30,0,1,1,3,99,0,0,0,0,0),
(1114,'阵旗（露）',30,0,1,1,3,99,0,0,0,0,0),
(1115,'阵旗（电）',30,0,1,1,3,99,0,0,0,0,0),
(1116,'七色琉璃符',30,0,1,1,4,99,0,0,0,0,0),
(1117,'七色锁云阵旗',30,0,1,1,4,99,0,0,0,0,0),
(1118,'阵旗（赤）',30,0,1,1,3,99,0,0,0,0,0),
(1119,'阵旗（橙）',30,0,1,1,3,99,0,0,0,0,0),
(1120,'阵旗（黄）',30,0,1,1,3,99,0,0,0,0,0),
(1121,'阵旗（绿）',30,0,1,1,3,99,0,0,0,0,0),
(1122,'阵旗（青）',30,0,1,1,3,99,0,0,0,0,0),
(1123,'阵旗（蓝）',30,0,1,1,3,99,0,0,0,0,0),
(1124,'阵旗（紫）',30,0,1,1,3,99,0,0,0,0,0),
(1200,'《元元经》吐纳篇',40,0,1,1,2,99,0,0,0,0,0),
(1201,'《元元经》剑术篇',40,0,1,1,2,99,0,0,0,0,0),
(1202,'《元元经》身法篇',40,0,1,1,2,99,0,0,0,0,0),
(1203,'《元元经》元神篇',40,0,1,1,2,99,0,0,0,0,0),
(1204,'七煞诀',40,0,1,1,2,99,0,0,0,0,0),
(1205,'破军诀',40,0,1,1,2,99,0,0,0,0,0),
(1206,'天罡气诀',40,0,1,1,2,99,0,0,0,0,0),
(1207,'玄冥心诀',40,0,1,1,2,99,0,0,0,0,0),
(1208,'玄冥心诀1',40,0,1,1,2,99,0,0,0,0,0),
(1209,'玄冥心诀2',40,0,1,1,2,99,0,0,0,0,0),
(1210,'玄冥心诀3',40,0,1,1,2,99,0,0,0,0,0),
(1211,'智慧咒',40,0,1,1,2,99,0,0,0,0,0),
(1212,'金刚咒',40,0,1,1,2,99,0,0,0,0,0),
(1213,'合沙奇书',40,0,1,1,2,99,0,0,0,0,0),
(1214,'六合剑诀',40,0,1,1,2,99,0,0,0,0,0),
(1215,'无相心法',40,0,1,1,2,99,0,0,0,0,0),
(1216,'无量心经',40,0,1,1,2,99,0,0,0,0,0),
(1217,'荆棘心法',40,0,1,1,2,99,0,0,0,0,0),
(1218,'天魔诀',40,0,1,1,2,99,0,0,0,0,0),
(1219,'七禽神术',40,0,1,1,2,99,0,0,0,0,0),
(1220,'无相劫',40,0,1,1,3,99,0,0,0,0,0),
(1221,'韦陀正气诀',40,0,1,1,3,99,0,0,0,0,0),
(1222,'无霜清心咒',40,0,1,1,3,99,0,0,0,0,0),
(1223,'三元坎离化身术',40,0,1,1,3,99,0,0,0,0,0),
(1224,'御剑真诀',40,0,1,1,3,99,0,0,0,0,0),
(1225,'小般若咒',40,0,1,1,3,99,0,0,0,0,0),
(1226,'慈航宝典',40,0,1,1,3,99,0,0,0,0,0),
(1227,'七煞真经',40,0,1,1,3,99,0,0,0,0,0),
(1228,'破军真解',40,0,1,1,3,99,0,0,0,0,0),
(1229,'玄冥心诀2',40,0,1,1,3,99,0,0,0,0,0),
(1230,'玄冥心诀2',40,0,1,1,3,99,0,0,0,0,0),
(1231,'破魔剑式',40,0,1,1,3,99,0,0,0,0,0),
(1232,'丹书',40,0,1,1,3,99,0,0,0,0,0),
(1233,'玄冥心诀2',40,0,1,1,3,99,0,0,0,0,0),
(1234,'玄冥心诀2',40,0,1,1,3,99,0,0,0,0,0),
(1235,'玄冥心诀2',40,0,1,1,3,99,0,0,0,0,0),
(1236,'罗刹魁神功',40,0,1,1,3,99,0,0,0,0,0),
(1237,'炼魔剑诀',40,0,1,1,3,99,0,0,0,0,0),
(1238,'五雷正心诀',40,0,1,1,3,99,0,0,0,0,0),
(1239,'乾坤秘箓',40,0,1,1,4,99,0,0,0,0,0),
(1240,'无形剑诀',40,0,1,1,4,99,0,0,0,0,0),
(1241,'琅嬛秘笈',40,0,1,1,4,99,0,0,0,0,0),
(1242,'道经真藏',40,0,1,1,4,99,0,0,0,0,0),
(1243,'佛宗心剑',40,0,1,1,4,99,0,0,0,0,0),
(1244,'无界心魔诀',40,0,1,1,4,99,0,0,0,0,0),
(1245,'紫府心法',40,0,1,1,4,99,0,0,0,0,0),
(1246,'太昊真诀',40,0,1,1,4,99,0,0,0,0,0),
(1247,'长生诀',40,0,1,1,4,99,0,0,0,0,0),
(1248,'空情剑诀',40,0,1,1,4,99,0,0,0,0,0),
(1249,'灵神双分术',40,0,1,1,4,99,0,0,0,0,0),
(1250,'三界金刚大藏',40,0,1,1,4,99,0,0,0,0,0),
(1251,'灭魔宝箓',40,0,1,1,4,99,0,0,0,0,0),
(1252,'圣灵剑法',40,0,1,1,5,99,0,0,0,0,0),
(1253,'青莲剑歌',40,0,1,1,5,99,0,0,0,0,0),
(1254,'金刚般若咒',40,0,1,1,5,99,0,0,0,0,0),
(1255,'上清秘笈',40,0,1,1,5,99,0,0,0,0,0),
(1256,'太清真解',40,0,1,1,5,99,0,0,0,0,0),
(1257,'地阙金章',40,0,1,1,5,99,0,0,0,0,0),
(1258,'九劫归元心法',40,0,1,1,5,99,0,0,0,0,0),
(1259,'青莲剑歌残页1',40,0,1,1,4,99,0,0,0,0,0),
(1260,'青莲剑歌残页2',40,0,1,1,4,99,0,0,0,0,0),
(1261,'青莲剑歌残页3',40,0,1,1,4,99,0,0,0,0,0),
(1262,'青莲剑歌残页4',40,0,1,1,4,99,0,0,0,0,0),
(1263,'青莲剑歌残页5',40,0,1,1,4,99,0,0,0,0,0),
(1264,'青莲剑歌残页6',40,0,1,1,4,99,0,0,0,0,0),
(1265,'青莲剑歌残页7',40,0,1,1,4,99,0,0,0,0,0),
(1266,'青莲剑歌残页8',40,0,1,1,4,99,0,0,0,0,0),
(1267,'青莲剑歌残页9',40,0,1,1,4,99,0,0,0,0,0),
(1268,'般若心经残页1',40,0,1,1,4,99,0,0,0,0,0),
(1269,'般若心经残页2',40,0,1,1,4,99,0,0,0,0,0),
(1270,'般若心经残页3',40,0,1,1,4,99,0,0,0,0,0),
(1271,'般若心经残页4',40,0,1,1,4,99,0,0,0,0,0),
(1272,'般若心经残页5',40,0,1,1,4,99,0,0,0,0,0),
(1273,'般若心经残页6',40,0,1,1,4,99,0,0,0,0,0),
(1274,'般若心经残页7',40,0,1,1,4,99,0,0,0,0,0),
(1275,'般若心经残页8',40,0,1,1,4,99,0,0,0,0,0),
(1276,'般若心经残页9',40,0,1,1,4,99,0,0,0,0,0),
(1277,'上清秘笈残页1',40,0,1,1,4,99,0,0,0,0,0),
(1278,'上清秘笈残页2',40,0,1,1,4,99,0,0,0,0,0),
(1279,'上清秘笈残页3',40,0,1,1,4,99,0,0,0,0,0),
(1280,'上清秘笈残页4',40,0,1,1,4,99,0,0,0,0,0),
(1281,'上清秘笈残页5',40,0,1,1,4,99,0,0,0,0,0),
(1282,'上清秘笈残页6',40,0,1,1,4,99,0,0,0,0,0),
(1283,'上清秘笈残页7',40,0,1,1,4,99,0,0,0,0,0),
(1284,'上清秘笈残页8',40,0,1,1,4,99,0,0,0,0,0),
(1285,'上清秘笈残页9',40,0,1,1,4,99,0,0,0,0,0),
(1286,'太清秘笈残页1',40,0,1,1,4,99,0,0,0,0,0),
(1287,'太清秘笈残页2',40,0,1,1,4,99,0,0,0,0,0),
(1288,'太清秘笈残页3',40,0,1,1,4,99,0,0,0,0,0),
(1289,'太清秘笈残页4',40,0,1,1,4,99,0,0,0,0,0),
(1290,'太清秘笈残页5',40,0,1,1,4,99,0,0,0,0,0),
(1291,'太清秘笈残页6',40,0,1,1,4,99,0,0,0,0,0),
(1292,'太清秘笈残页7',40,0,1,1,4,99,0,0,0,0,0),
(1293,'太清秘笈残页8',40,0,1,1,4,99,0,0,0,0,0),
(1294,'太清秘笈残页9',40,0,1,1,4,99,0,0,0,0,0),
(1295,'三界金刚大藏残页1',40,0,1,1,4,99,0,0,0,0,0),
(1296,'三界金刚大藏残页2',40,0,1,1,4,99,0,0,0,0,0),
(1297,'三界金刚大藏残页3',40,0,1,1,4,99,0,0,0,0,0),
(1298,'三界金刚大藏残页4',40,0,1,1,4,99,0,0,0,0,0),
(1299,'三界金刚大藏残页5',40,0,1,1,4,99,0,0,0,0,0),
(1300,'三界金刚大藏残页6',40,0,1,1,4,99,0,0,0,0,0),
(1301,'三界金刚大藏残页7',40,0,1,1,4,99,0,0,0,0,0),
(1302,'三界金刚大藏残页8',40,0,1,1,4,99,0,0,0,0,0),
(1303,'三界金刚大藏残页9',40,0,1,1,4,99,0,0,0,0,0),
(1304,'地阙金章1',40,0,1,1,4,99,0,0,0,0,0),
(1305,'地阙金章2',40,0,1,1,4,99,0,0,0,0,0),
(1306,'地阙金章3',40,0,1,1,4,99,0,0,0,0,0),
(1307,'地阙金章4',40,0,1,1,4,99,0,0,0,0,0),
(1308,'地阙金章5',40,0,1,1,4,99,0,0,0,0,0),
(1309,'地阙金章6',40,0,1,1,4,99,0,0,0,0,0),
(1310,'地阙金章7',40,0,1,1,4,99,0,0,0,0,0),
(1311,'地阙金章8',40,0,1,1,4,99,0,0,0,0,0),
(1312,'地阙金章9',40,0,1,1,4,99,0,0,0,0,0),
(1313,'九劫归元心法残页1',40,0,1,1,4,99,0,0,0,0,0),
(1314,'九劫归元心法残页2',40,0,1,1,4,99,0,0,0,0,0),
(1315,'九劫归元心法残页3',40,0,1,1,4,99,0,0,0,0,0),
(1316,'九劫归元心法残页4',40,0,1,1,4,99,0,0,0,0,0),
(1317,'九劫归元心法残页5',40,0,1,1,4,99,0,0,0,0,0),
(1318,'九劫归元心法残页6',40,0,1,1,4,99,0,0,0,0,0),
(1319,'九劫归元心法残页7',40,0,1,1,4,99,0,0,0,0,0),
(1320,'九劫归元心法残页8',40,0,1,1,4,99,0,0,0,0,0),
(1321,'九劫归元心法残页9',40,0,1,1,4,99,0,0,0,0,0),
(1322,'灵神双分残页1',40,0,1,1,4,99,0,0,0,0,0),
(1323,'灵神双分残页2',40,0,1,1,4,99,0,0,0,0,0),
(1324,'灵神双分残页3',40,0,1,1,4,99,0,0,0,0,0),
(1325,'灵神双分残页4',40,0,1,1,4,99,0,0,0,0,0),
(1326,'灵神双分残页5',40,0,1,1,4,99,0,0,0,0,0),
(1327,'灵神双分残页6',40,0,1,1,4,99,0,0,0,0,0),
(1328,'灵神双分残页7',40,0,1,1,4,99,0,0,0,0,0),
(1329,'灵神双分残页8',40,0,1,1,4,99,0,0,0,0,0),
(1330,'灵神双分残页9',40,0,1,1,4,99,0,0,0,0,0),
(1500,'玉清针',10,0,1,1,2,1,0,0,0,0,1),
(1501,'摄心铃',10,0,1,1,2,1,0,0,0,0,2),
(1502,'血焰叉',10,0,1,1,2,1,0,0,0,0,3),
(1503,'丙灵梭',10,0,1,1,2,1,0,0,0,0,4),
(1504,'阴雷',10,0,1,1,2,1,0,0,0,0,5),
(1505,'天木神针',10,0,1,1,2,1,0,0,0,0,6),
(1506,'白骨丧门箭',10,0,1,1,2,1,0,0,0,0,7),
(1507,'龙雀环',10,0,1,1,2,1,0,0,0,0,8),
(1508,'五毒红云砂',10,0,1,1,2,1,0,0,0,0,9),
(1509,'都篆陰魔',10,0,1,1,2,1,0,0,0,0,10),
(1510,'六阳神火鉴',10,0,1,1,3,1,0,0,0,0,11),
(1511,'两界牌',10,0,1,1,3,1,0,0,0,0,12),
(1512,'香云宝盖',10,0,1,1,3,1,0,0,0,0,13),
(1513,'五云桃花瘴',10,0,1,1,3,1,0,0,0,0,14),
(1514,'列缺双钩',10,0,1,1,3,1,0,0,0,0,15),
(1515,'天遁镜',10,0,1,1,3,1,0,0,0,0,16),
(1516,'白骨锁心锤',10,0,1,1,3,1,0,0,0,0,17),
(1517,'铁赑仙盾',10,0,1,1,3,1,0,0,0,0,18),
(1518,'雪魂珠',10,0,1,1,3,1,0,0,0,0,19),
(1519,'日月五星轮',10,0,1,1,3,1,0,0,0,0,20),
(1520,'十二都天神煞',10,0,1,1,3,1,0,0,0,0,21),
(1521,'纳芥环',10,0,1,1,3,1,0,0,0,0,22),
(1522,'宙光盘',10,0,1,1,3,1,0,0,0,0,23),
(1523,'天蝉灵叶',10,0,1,1,3,1,0,0,0,0,24),
(1524,'玄女针',10,0,1,1,3,1,0,0,0,0,25),
(1525,'神禹令',10,0,1,1,3,1,0,0,0,0,26),
(1526,'太皓戈',10,0,1,1,3,1,0,0,0,0,27),
(1527,'乾天火灵珠',10,0,1,1,3,1,0,0,0,0,28),
(1528,'灭魔弹月弩',10,0,1,1,4,1,0,0,0,0,29),
(1529,'兜率宝伞',10,0,1,1,4,1,0,0,0,0,30),
(1530,'弥尘幡',10,0,1,1,4,1,0,0,0,0,31),
(1531,'禹鼎',10,0,1,1,4,1,0,0,0,0,32),
(1532,'玄阴聚兽幡',10,0,1,1,4,1,0,0,0,0,33),
(1533,'白眉针',10,0,1,1,4,1,0,0,0,0,34),
(1534,'天魔化血神刀',10,0,1,1,4,1,0,0,0,0,35),
(1535,'青蜃瓶',10,0,1,1,4,1,0,0,0,0,36),
(1536,'离合五云圭',10,0,1,1,4,1,0,0,0,0,37),
(1537,'万年温玉',10,0,1,1,4,1,0,0,0,0,38),
(1538,'九天元阳尺',10,0,1,1,4,1,0,0,0,0,39),
(1539,'紫云仙障',10,0,1,1,4,1,0,0,0,0,40),
(1540,'九疑鼎',10,0,1,1,5,1,0,0,0,0,41),
(1541,'昊天镜',10,0,1,1,5,1,0,0,0,0,42),
(1542,'归化神音',10,0,1,1,5,1,0,0,0,0,43),
(1543,'牟尼珠',10,0,1,1,5,1,0,0,0,0,44),
(1544,'百毒金蚕蛊',10,0,1,1,5,1,0,0,0,0,45),
(1545,'天蓝神砂',10,0,1,1,5,1,0,0,0,0,46),
(1546,'元磁神雷',10,0,1,1,5,1,0,0,0,0,47),
(1547,'玄牝珠',10,0,1,1,5,1,0,0,0,0,48),
(1700,'破云剑',11,0,1,1,2,1,0,0,0,0,49),
(1701,'坐骑1',11,0,1,1,3,1,0,0,0,0,50),
(1702,'坐骑2',11,0,1,1,3,1,0,0,0,0,51),
(1703,'坐骑3',11,0,1,1,3,1,0,0,0,0,52),
(1704,'坐骑4',11,0,1,1,3,1,0,0,0,0,53),
(1705,'坐骑5',11,0,1,1,4,1,0,0,0,0,54),
(1706,'坐骑6',11,0,1,1,4,1,0,0,0,0,55),
(1707,'碧沉舟',11,0,1,1,5,1,0,0,0,0,56),
(1708,'辟魔神梭',11,0,1,1,5,1,0,0,0,0,57),
(2000,'玉龙剑',1,0,1,1,2,1,0,0,0,0,58),
(2001,'玉龙护头',2,0,1,1,2,1,0,0,0,0,59),
(2002,'玉龙护肩',4,0,1,1,2,1,0,0,0,0,60),
(2003,'玉龙护胸',3,0,1,1,2,1,0,0,0,0,61),
(2004,'玉龙护腰',5,0,1,1,2,1,0,0,0,0,62),
(2005,'玉龙护腿',6,0,1,1,2,1,0,0,0,0,63),
(2006,'玉龙项链',7,0,1,1,2,1,0,0,0,0,64),
(2007,'玉龙戒指',8,0,1,1,2,1,0,0,0,0,65),
(2008,'混铁剑',1,0,10,1,2,1,0,0,0,0,66),
(2009,'混铁护头',2,0,10,1,2,1,0,0,0,0,67),
(2010,'混铁护肩',4,0,10,1,2,1,0,0,0,0,68),
(2011,'混铁护胸',3,0,10,1,2,1,0,0,0,0,69),
(2012,'混铁护腰',5,0,10,1,2,1,0,0,0,0,70),
(2013,'混铁护腿',6,0,10,1,2,1,0,0,0,0,71),
(2014,'混铁项链',7,0,10,1,2,1,0,0,0,0,72),
(2015,'混铁戒指',8,0,10,1,2,1,0,0,0,0,73),
(2016,'香云剑',1,0,20,1,2,1,0,0,0,0,74),
(2017,'香云护头',2,0,20,1,2,1,0,0,0,0,75),
(2018,'香云护肩',4,0,20,1,2,1,0,0,0,0,76),
(2019,'香云护胸',3,0,20,1,2,1,0,0,0,0,77),
(2020,'香云护腰',5,0,20,1,2,1,0,0,0,0,78),
(2021,'香云护腿',6,0,20,1,2,1,0,0,0,0,79),
(2022,'香云项链',7,0,20,1,2,1,0,0,0,0,80),
(2023,'香云戒指',8,0,20,1,2,1,0,0,0,0,81),
(2024,'道·蝴蝶剑',1,3,30,1,2,1,0,0,0,0,82),
(2025,'道·蝴蝶护头',2,3,30,1,2,1,0,0,0,0,83),
(2026,'道·蝴蝶护肩',4,3,30,1,2,1,0,0,0,0,84),
(2027,'道·蝴蝶护胸',3,3,30,1,2,1,0,0,0,0,85),
(2028,'道·蝴蝶护腰',5,3,30,1,2,1,0,0,0,0,86),
(2029,'道·蝴蝶护腿',6,3,30,1,2,1,0,0,0,0,87),
(2030,'道·蝴蝶项链',7,3,30,1,2,1,0,0,0,0,88),
(2031,'道·蝴蝶戒指',8,3,30,1,2,1,0,0,0,0,89),
(2032,'释·蝴蝶剑',1,2,30,1,2,1,0,0,0,0,90),
(2033,'释·蝴蝶护头',2,2,30,1,2,1,0,0,0,0,91),
(2034,'释·蝴蝶护肩',4,2,30,1,2,1,0,0,0,0,92),
(2035,'释·蝴蝶护胸',3,2,30,1,2,1,0,0,0,0,93),
(2036,'释·蝴蝶护腰',5,2,30,1,2,1,0,0,0,0,94),
(2037,'释·蝴蝶护腿',6,2,30,1,2,1,0,0,0,0,95),
(2038,'释·蝴蝶项链',7,2,30,1,2,1,0,0,0,0,96),
(2039,'释·蝴蝶戒指',8,2,30,1,2,1,0,0,0,0,97),
(2040,'儒·蝴蝶剑',1,1,30,1,2,1,0,0,0,0,98),
(2041,'儒·蝴蝶护头',2,1,30,1,2,1,0,0,0,0,99),
(2042,'儒·蝴蝶护肩',4,1,30,1,2,1,0,0,0,0,100),
(2043,'儒·蝴蝶护胸',3,1,30,1,2,1,0,0,0,0,101),
(2044,'儒·蝴蝶护腰',5,1,30,1,2,1,0,0,0,0,102),
(2045,'儒·蝴蝶护腿',6,1,30,1,2,1,0,0,0,0,103),
(2046,'儒·蝴蝶项链',7,1,30,1,2,1,0,0,0,0,104),
(2047,'儒·蝴蝶戒指',8,1,30,1,2,1,0,0,0,0,105),
(2048,'道·龙虎剑',1,3,40,1,2,1,0,0,0,0,106),
(2049,'道·龙虎护头',2,3,40,1,2,1,0,0,0,0,107),
(2050,'道·龙虎护肩',4,3,40,1,2,1,0,0,0,0,108),
(2051,'道·龙虎护胸',3,3,40,1,2,1,0,0,0,0,109),
(2052,'道·龙虎护腰',5,3,40,1,2,1,0,0,0,0,110),
(2053,'道·龙虎护腿',6,3,40,1,2,1,0,0,0,0,111),
(2054,'道·龙虎项链',7,3,40,1,2,1,0,0,0,0,112),
(2055,'道·龙虎戒指',8,3,40,1,2,1,0,0,0,0,113),
(2056,'释·龙虎剑',1,2,40,1,2,1,0,0,0,0,114),
(2057,'释·龙虎护头',2,2,40,1,2,1,0,0,0,0,115),
(2058,'释·龙虎护肩',4,2,40,1,2,1,0,0,0,0,116),
(2059,'释·龙虎护胸',3,2,40,1,2,1,0,0,0,0,117),
(2060,'释·龙虎护腰',5,2,40,1,2,1,0,0,0,0,118),
(2061,'释·龙虎护腿',6,2,40,1,2,1,0,0,0,0,119),
(2062,'释·龙虎项链',7,2,40,1,2,1,0,0,0,0,120),
(2063,'释·龙虎戒指',8,2,40,1,2,1,0,0,0,0,121),
(2064,'儒·龙虎剑',1,1,40,1,2,1,0,0,0,0,122),
(2065,'儒·龙虎护头',2,1,40,1,2,1,0,0,0,0,123),
(2066,'儒·龙虎护肩',4,1,40,1,2,1,0,0,0,0,124),
(2067,'儒·龙虎护胸',3,1,40,1,2,1,0,0,0,0,125),
(2068,'儒·龙虎护腰',5,1,40,1,2,1,0,0,0,0,126),
(2069,'儒·龙虎护腿',6,1,40,1,2,1,0,0,0,0,127),
(2070,'儒·龙虎项链',7,1,40,1,2,1,0,0,0,0,128),
(2071,'儒·龙虎戒指',8,1,40,1,2,1,0,0,0,0,129),
(2072,'道·青云剑',1,3,50,1,2,1,0,0,0,0,130),
(2073,'道·青云护头',2,3,50,1,2,1,0,0,0,0,131),
(2074,'道·青云护肩',4,3,50,1,2,1,0,0,0,0,132),
(2075,'道·青云护胸',3,3,50,1,2,1,0,0,0,0,133),
(2076,'道·青云护腰',5,3,50,1,2,1,0,0,0,0,134),
(2077,'道·青云护腿',6,3,50,1,2,1,0,0,0,0,135),
(2078,'道·青云项链',7,3,50,1,2,1,0,0,0,0,136),
(2079,'道·青云戒指',8,3,50,1,2,1,0,0,0,0,137),
(2080,'释·青云剑',1,2,50,1,2,1,0,0,0,0,138),
(2081,'释·青云护头',2,2,50,1,2,1,0,0,0,0,139),
(2082,'释·青云护肩',4,2,50,1,2,1,0,0,0,0,140),
(2083,'释·青云护胸',3,2,50,1,2,1,0,0,0,0,141),
(2084,'释·青云护腰',5,2,50,1,2,1,0,0,0,0,142),
(2085,'释·青云护腿',6,2,50,1,2,1,0,0,0,0,143),
(2086,'释·青云项链',7,2,50,1,2,1,0,0,0,0,144),
(2087,'释·青云戒指',8,2,50,1,2,1,0,0,0,0,145),
(2088,'儒·青云剑',1,1,50,1,2,1,0,0,0,0,146),
(2089,'儒·青云护头',2,1,50,1,2,1,0,0,0,0,147),
(2090,'儒·青云护肩',4,1,50,1,2,1,0,0,0,0,148),
(2091,'儒·青云护胸',3,1,50,1,2,1,0,0,0,0,149),
(2092,'儒·青云护腰',5,1,50,1,2,1,0,0,0,0,150),
(2093,'儒·青云护腿',6,1,50,1,2,1,0,0,0,0,151),
(2094,'儒·青云项链',7,1,50,1,2,1,0,0,0,0,152),
(2095,'儒·青云戒指',8,1,50,1,2,1,0,0,0,0,153),
(2096,'道·枯松剑',1,3,60,1,2,1,0,0,0,0,154),
(2097,'道·枯松护头',2,3,60,1,2,1,0,0,0,0,155),
(2098,'道·枯松护肩',4,3,60,1,2,1,0,0,0,0,156),
(2099,'道·枯松护胸',3,3,60,1,2,1,0,0,0,0,157),
(2100,'道·枯松护腰',5,3,60,1,2,1,0,0,0,0,158),
(2101,'道·枯松护腿',6,3,60,1,2,1,0,0,0,0,159),
(2102,'道·枯松项链',7,3,60,1,2,1,0,0,0,0,160),
(2103,'道·枯松戒指',8,3,60,1,2,1,0,0,0,0,161),
(2104,'释·枯松剑',1,2,60,1,2,1,0,0,0,0,162),
(2105,'释·枯松护头',2,2,60,1,2,1,0,0,0,0,163),
(2106,'释·枯松护肩',4,2,60,1,2,1,0,0,0,0,164),
(2107,'释·枯松护胸',3,2,60,1,2,1,0,0,0,0,165),
(2108,'释·枯松护腰',5,2,60,1,2,1,0,0,0,0,166),
(2109,'释·枯松护腿',6,2,60,1,2,1,0,0,0,0,167),
(2110,'释·枯松项链',7,2,60,1,2,1,0,0,0,0,168),
(2111,'释·枯松戒指',8,2,60,1,2,1,0,0,0,0,169),
(2112,'儒·枯松剑',1,1,60,1,2,1,0,0,0,0,170),
(2113,'儒·枯松护头',2,1,60,1,2,1,0,0,0,0,171),
(2114,'儒·枯松护肩',4,1,60,1,2,1,0,0,0,0,172),
(2115,'儒·枯松护胸',3,1,60,1,2,1,0,0,0,0,173),
(2116,'儒·枯松护腰',5,1,60,1,2,1,0,0,0,0,174),
(2117,'儒·枯松护腿',6,1,60,1,2,1,0,0,0,0,175),
(2118,'儒·枯松项链',7,1,60,1,2,1,0,0,0,0,176),
(2119,'儒·枯松戒指',8,1,60,1,2,1,0,0,0,0,177),
(2120,'道·三星剑',1,3,70,1,2,1,0,0,0,0,178),
(2121,'道·三星护头',2,3,70,1,2,1,0,0,0,0,179),
(2122,'道·三星护肩',4,3,70,1,2,1,0,0,0,0,180),
(2123,'道·三星护胸',3,3,70,1,2,1,0,0,0,0,181),
(2124,'道·三星护腰',5,3,70,1,2,1,0,0,0,0,182),
(2125,'道·三星护腿',6,3,70,1,2,1,0,0,0,0,183),
(2126,'道·三星项链',7,3,70,1,2,1,0,0,0,0,184),
(2127,'道·三星戒指',8,3,70,1,2,1,0,0,0,0,185),
(2128,'释·三星剑',1,2,70,1,2,1,0,0,0,0,186),
(2129,'释·三星护头',2,2,70,1,2,1,0,0,0,0,187),
(2130,'释·三星护肩',4,2,70,1,2,1,0,0,0,0,188),
(2131,'释·三星护胸',3,2,70,1,2,1,0,0,0,0,189),
(2132,'释·三星护腰',5,2,70,1,2,1,0,0,0,0,190),
(2133,'释·三星护腿',6,2,70,1,2,1,0,0,0,0,191),
(2134,'释·三星项链',7,2,70,1,2,1,0,0,0,0,192),
(2135,'释·三星戒指',8,2,70,1,2,1,0,0,0,0,193),
(2136,'儒·三星剑',1,1,70,1,2,1,0,0,0,0,194),
(2137,'儒·三星护头',2,1,70,1,2,1,0,0,0,0,195),
(2138,'儒·三星护肩',4,1,70,1,2,1,0,0,0,0,196),
(2139,'儒·三星护胸',3,1,70,1,2,1,0,0,0,0,197),
(2140,'儒·三星护腰',5,1,70,1,2,1,0,0,0,0,198),
(2141,'儒·三星护腿',6,1,70,1,2,1,0,0,0,0,199),
(2142,'儒·三星项链',7,1,70,1,2,1,0,0,0,0,200),
(2143,'儒·三星戒指',8,1,70,1,2,1,0,0,0,0,201),
(2144,'道·雾露剑',1,3,80,1,2,1,0,0,0,0,202),
(2145,'道·雾露护头',2,3,80,1,2,1,0,0,0,0,203),
(2146,'道·雾露护肩',4,3,80,1,2,1,0,0,0,0,204),
(2147,'道·雾露护胸',3,3,80,1,2,1,0,0,0,0,205),
(2148,'道·雾露护腰',5,3,80,1,2,1,0,0,0,0,206),
(2149,'道·雾露护腿',6,3,80,1,2,1,0,0,0,0,207),
(2150,'道·雾露项链',7,3,80,1,2,1,0,0,0,0,208),
(2151,'道·雾露戒指',8,3,80,1,2,1,0,0,0,0,209),
(2152,'释·雾露剑',1,2,80,1,2,1,0,0,0,0,210),
(2153,'释·雾露护头',2,2,80,1,2,1,0,0,0,0,211),
(2154,'释·雾露护肩',4,2,80,1,2,1,0,0,0,0,212),
(2155,'释·雾露护胸',3,2,80,1,2,1,0,0,0,0,213),
(2156,'释·雾露护腰',5,2,80,1,2,1,0,0,0,0,214),
(2157,'释·雾露护腿',6,2,80,1,2,1,0,0,0,0,215),
(2158,'释·雾露项链',7,2,80,1,2,1,0,0,0,0,216),
(2159,'释·雾露戒指',8,2,80,1,2,1,0,0,0,0,217),
(2160,'儒·雾露剑',1,1,80,1,2,1,0,0,0,0,218),
(2161,'儒·雾露护头',2,1,80,1,2,1,0,0,0,0,219),
(2162,'儒·雾露护肩',4,1,80,1,2,1,0,0,0,0,220),
(2163,'儒·雾露护胸',3,1,80,1,2,1,0,0,0,0,221),
(2164,'儒·雾露护腰',5,1,80,1,2,1,0,0,0,0,222),
(2165,'儒·雾露护腿',6,1,80,1,2,1,0,0,0,0,223),
(2166,'儒·雾露项链',7,1,80,1,2,1,0,0,0,0,224),
(2167,'儒·雾露戒指',8,1,80,1,2,1,0,0,0,0,225),
(2168,'道·七翎剑',1,3,90,1,2,1,0,0,0,0,226),
(2169,'道·七翎护头',2,3,90,1,2,1,0,0,0,0,227),
(2170,'道·七翎护肩',4,3,90,1,2,1,0,0,0,0,228),
(2171,'道·七翎护胸',3,3,90,1,2,1,0,0,0,0,229),
(2172,'道·七翎护腰',5,3,90,1,2,1,0,0,0,0,230),
(2173,'道·七翎护腿',6,3,90,1,2,1,0,0,0,0,231),
(2174,'道·七翎项链',7,3,90,1,2,1,0,0,0,0,232),
(2175,'道·七翎戒指',8,3,90,1,2,1,0,0,0,0,233),
(2176,'释·七翎剑',1,2,90,1,2,1,0,0,0,0,234),
(2177,'释·七翎护头',2,2,90,1,2,1,0,0,0,0,235),
(2178,'释·七翎护肩',4,2,90,1,2,1,0,0,0,0,236),
(2179,'释·七翎护胸',3,2,90,1,2,1,0,0,0,0,237),
(2180,'释·七翎护腰',5,2,90,1,2,1,0,0,0,0,238),
(2181,'释·七翎护腿',6,2,90,1,2,1,0,0,0,0,239),
(2182,'释·七翎项链',7,2,90,1,2,1,0,0,0,0,240),
(2183,'释·七翎戒指',8,2,90,1,2,1,0,0,0,0,241),
(2184,'儒·七翎剑',1,1,90,1,2,1,0,0,0,0,242),
(2185,'儒·七翎护头',2,1,90,1,2,1,0,0,0,0,243),
(2186,'儒·七翎护肩',4,1,90,1,2,1,0,0,0,0,244),
(2187,'儒·七翎护胸',3,1,90,1,2,1,0,0,0,0,245),
(2188,'儒·七翎护腰',5,1,90,1,2,1,0,0,0,0,246),
(2189,'儒·七翎护腿',6,1,90,1,2,1,0,0,0,0,247),
(2190,'儒·七翎项链',7,1,90,1,2,1,0,0,0,0,248),
(2191,'儒·七翎戒指',8,1,90,1,2,1,0,0,0,0,249),
(2192,'云光剑',1,0,10,1,3,1,0,0,0,0,250),
(2193,'云光护头',2,0,10,1,3,1,0,0,0,0,251),
(2194,'云光护肩',4,0,10,1,3,1,0,0,0,0,252),
(2195,'云光护胸',3,0,10,1,3,1,0,0,0,0,253),
(2196,'云光护腰',5,0,10,1,3,1,0,0,0,0,254),
(2197,'云光护腿',6,0,10,1,3,1,0,0,0,0,255),
(2198,'云光项链',7,0,10,1,3,1,0,0,0,0,256),
(2199,'云光戒指',8,0,10,1,3,1,0,0,0,0,257),
(2200,'玄女剑',1,0,20,1,3,1,0,0,0,0,258),
(2201,'玄女护头',2,0,20,1,3,1,0,0,0,0,259),
(2202,'玄女护肩',4,0,20,1,3,1,0,0,0,0,260),
(2203,'玄女护胸',3,0,20,1,3,1,0,0,0,0,261),
(2204,'玄女护腰',5,0,20,1,3,1,0,0,0,0,262),
(2205,'玄女护腿',6,0,20,1,3,1,0,0,0,0,263),
(2206,'玄女项链',7,0,20,1,3,1,0,0,0,0,264),
(2207,'玄女戒指',8,0,20,1,3,1,0,0,0,0,265),
(2208,'道·神木剑',1,3,30,1,3,1,0,0,0,0,266),
(2209,'道·神木护头',2,3,30,1,3,1,0,0,0,0,267),
(2210,'道·神木护肩',4,3,30,1,3,1,0,0,0,0,268),
(2211,'道·神木护胸',3,3,30,1,3,1,0,0,0,0,269),
(2212,'道·神木护腰',5,3,30,1,3,1,0,0,0,0,270),
(2213,'道·神木护腿',6,3,30,1,3,1,0,0,0,0,271),
(2214,'道·神木项链',7,3,30,1,3,1,0,0,0,0,272),
(2215,'道·神木戒指',8,3,30,1,3,1,0,0,0,0,273),
(2216,'释·神木剑',1,2,30,1,3,1,0,0,0,0,274),
(2217,'释·神木护头',2,2,30,1,3,1,0,0,0,0,275),
(2218,'释·神木护肩',4,2,30,1,3,1,0,0,0,0,276),
(2219,'释·神木护胸',3,2,30,1,3,1,0,0,0,0,277),
(2220,'释·神木护腰',5,2,30,1,3,1,0,0,0,0,278),
(2221,'释·神木护腿',6,2,30,1,3,1,0,0,0,0,279),
(2222,'释·神木项链',7,2,30,1,3,1,0,0,0,0,280),
(2223,'释·神木戒指',8,2,30,1,3,1,0,0,0,0,281),
(2224,'儒·神木剑',1,1,30,1,3,1,0,0,0,0,282),
(2225,'儒·神木护头',2,1,30,1,3,1,0,0,0,0,283),
(2226,'儒·神木护肩',4,1,30,1,3,1,0,0,0,0,284),
(2227,'儒·神木护胸',3,1,30,1,3,1,0,0,0,0,285),
(2228,'儒·神木护腰',5,1,30,1,3,1,0,0,0,0,286),
(2229,'儒·神木护腿',6,1,30,1,3,1,0,0,0,0,287),
(2230,'儒·神木项链',7,1,30,1,3,1,0,0,0,0,288),
(2231,'儒·神木戒指',8,1,30,1,3,1,0,0,0,0,289),
(2232,'道·曜萍剑',1,3,40,1,3,1,0,0,0,0,290),
(2233,'道·曜萍护头',2,3,40,1,3,1,0,0,0,0,291),
(2234,'道·曜萍护肩',4,3,40,1,3,1,0,0,0,0,292),
(2235,'道·曜萍护胸',3,3,40,1,3,1,0,0,0,0,293),
(2236,'道·曜萍护腰',5,3,40,1,3,1,0,0,0,0,294),
(2237,'道·曜萍护腿',6,3,40,1,3,1,0,0,0,0,295),
(2238,'道·曜萍项链',7,3,40,1,3,1,0,0,0,0,296),
(2239,'道·曜萍戒指',8,3,40,1,3,1,0,0,0,0,297),
(2240,'释·曜萍剑',1,2,40,1,3,1,0,0,0,0,298),
(2241,'释·曜萍护头',2,2,40,1,3,1,0,0,0,0,299),
(2242,'释·曜萍护肩',4,2,40,1,3,1,0,0,0,0,300),
(2243,'释·曜萍护胸',3,2,40,1,3,1,0,0,0,0,301),
(2244,'释·曜萍护腰',5,2,40,1,3,1,0,0,0,0,302),
(2245,'释·曜萍护腿',6,2,40,1,3,1,0,0,0,0,303),
(2246,'释·曜萍项链',7,2,40,1,3,1,0,0,0,0,304),
(2247,'释·曜萍戒指',8,2,40,1,3,1,0,0,0,0,305),
(2248,'儒·曜萍剑',1,1,40,1,3,1,0,0,0,0,306),
(2249,'儒·曜萍护头',2,1,40,1,3,1,0,0,0,0,307),
(2250,'儒·曜萍护肩',4,1,40,1,3,1,0,0,0,0,308),
(2251,'儒·曜萍护胸',3,1,40,1,3,1,0,0,0,0,309),
(2252,'儒·曜萍护腰',5,1,40,1,3,1,0,0,0,0,310),
(2253,'儒·曜萍护腿',6,1,40,1,3,1,0,0,0,0,311),
(2254,'儒·曜萍项链',7,1,40,1,3,1,0,0,0,0,312),
(2255,'儒·曜萍戒指',8,1,40,1,3,1,0,0,0,0,313),
(2256,'道·天璇剑',1,3,50,1,3,1,0,0,0,0,314),
(2257,'道·天璇护头',2,3,50,1,3,1,0,0,0,0,315),
(2258,'道·天璇护肩',4,3,50,1,3,1,0,0,0,0,316),
(2259,'道·天璇护胸',3,3,50,1,3,1,0,0,0,0,317),
(2260,'道·天璇护腰',5,3,50,1,3,1,0,0,0,0,318),
(2261,'道·天璇护腿',6,3,50,1,3,1,0,0,0,0,319),
(2262,'道·天璇项链',7,3,50,1,3,1,0,0,0,0,320),
(2263,'道·天璇戒指',8,3,50,1,3,1,0,0,0,0,321),
(2264,'释·天璇剑',1,2,50,1,3,1,0,0,0,0,322),
(2265,'释·天璇护头',2,2,50,1,3,1,0,0,0,0,323),
(2266,'释·天璇护肩',4,2,50,1,3,1,0,0,0,0,324),
(2267,'释·天璇护胸',3,2,50,1,3,1,0,0,0,0,325),
(2268,'释·天璇护腰',5,2,50,1,3,1,0,0,0,0,326),
(2269,'释·天璇护腿',6,2,50,1,3,1,0,0,0,0,327),
(2270,'释·天璇项链',7,2,50,1,3,1,0,0,0,0,328),
(2271,'释·天璇戒指',8,2,50,1,3,1,0,0,0,0,329),
(2272,'儒·天璇剑',1,1,50,1,3,1,0,0,0,0,330),
(2273,'儒·天璇护头',2,1,50,1,3,1,0,0,0,0,331),
(2274,'儒·天璇护肩',4,1,50,1,3,1,0,0,0,0,332),
(2275,'儒·天璇护胸',3,1,50,1,3,1,0,0,0,0,333),
(2276,'儒·天璇护腰',5,1,50,1,3,1,0,0,0,0,334),
(2277,'儒·天璇护腿',6,1,50,1,3,1,0,0,0,0,335),
(2278,'儒·天璇项链',7,1,50,1,3,1,0,0,0,0,336),
(2279,'儒·天璇戒指',8,1,50,1,3,1,0,0,0,0,337),
(2280,'道·雷光剑',1,3,60,1,3,1,0,0,0,0,338),
(2281,'道·雷光护头',2,3,60,1,3,1,0,0,0,0,339),
(2282,'道·雷光护肩',4,3,60,1,3,1,0,0,0,0,340),
(2283,'道·雷光护胸',3,3,60,1,3,1,0,0,0,0,341),
(2284,'道·雷光护腰',5,3,60,1,3,1,0,0,0,0,342),
(2285,'道·雷光护腿',6,3,60,1,3,1,0,0,0,0,343),
(2286,'道·雷光项链',7,3,60,1,3,1,0,0,0,0,344),
(2287,'道·雷光戒指',8,3,60,1,3,1,0,0,0,0,345),
(2288,'释·雷光剑',1,2,60,1,3,1,0,0,0,0,346),
(2289,'释·雷光护头',2,2,60,1,3,1,0,0,0,0,347),
(2290,'释·雷光护肩',4,2,60,1,3,1,0,0,0,0,348),
(2291,'释·雷光护胸',3,2,60,1,3,1,0,0,0,0,349),
(2292,'释·雷光护腰',5,2,60,1,3,1,0,0,0,0,350),
(2293,'释·雷光护腿',6,2,60,1,3,1,0,0,0,0,351),
(2294,'释·雷光项链',7,2,60,1,3,1,0,0,0,0,352),
(2295,'释·雷光戒指',8,2,60,1,3,1,0,0,0,0,353),
(2296,'儒·雷光剑',1,1,60,1,3,1,0,0,0,0,354),
(2297,'儒·雷光护头',2,1,60,1,3,1,0,0,0,0,355),
(2298,'儒·雷光护肩',4,1,60,1,3,1,0,0,0,0,356),
(2299,'儒·雷光护胸',3,1,60,1,3,1,0,0,0,0,357),
(2300,'儒·雷光护腰',5,1,60,1,3,1,0,0,0,0,358),
(2301,'儒·雷光护腿',6,1,60,1,3,1,0,0,0,0,359),
(2302,'儒·雷光项链',7,1,60,1,3,1,0,0,0,0,360),
(2303,'儒·雷光戒指',8,1,60,1,3,1,0,0,0,0,361),
(2304,'道·龙须剑',1,3,70,1,3,1,0,0,0,0,362),
(2305,'道·龙须护头',2,3,70,1,3,1,0,0,0,0,363),
(2306,'道·龙须护肩',4,3,70,1,3,1,0,0,0,0,364),
(2307,'道·龙须护胸',3,3,70,1,3,1,0,0,0,0,365),
(2308,'道·龙须护腰',5,3,70,1,3,1,0,0,0,0,366),
(2309,'道·龙须护腿',6,3,70,1,3,1,0,0,0,0,367),
(2310,'道·龙须项链',7,3,70,1,3,1,0,0,0,0,368),
(2311,'道·龙须戒指',8,3,70,1,3,1,0,0,0,0,369),
(2312,'释·龙须剑',1,2,70,1,3,1,0,0,0,0,370),
(2313,'释·龙须护头',2,2,70,1,3,1,0,0,0,0,371),
(2314,'释·龙须护肩',4,2,70,1,3,1,0,0,0,0,372),
(2315,'释·龙须护胸',3,2,70,1,3,1,0,0,0,0,373),
(2316,'释·龙须护腰',5,2,70,1,3,1,0,0,0,0,374),
(2317,'释·龙须护腿',6,2,70,1,3,1,0,0,0,0,375),
(2318,'释·龙须项链',7,2,70,1,3,1,0,0,0,0,376),
(2319,'释·龙须戒指',8,2,70,1,3,1,0,0,0,0,377),
(2320,'儒·龙须剑',1,1,70,1,3,1,0,0,0,0,378),
(2321,'儒·龙须护头',2,1,70,1,3,1,0,0,0,0,379),
(2322,'儒·龙须护肩',4,1,70,1,3,1,0,0,0,0,380),
(2323,'儒·龙须护胸',3,1,70,1,3,1,0,0,0,0,381),
(2324,'儒·龙须护腰',5,1,70,1,3,1,0,0,0,0,382),
(2325,'儒·龙须护腿',6,1,70,1,3,1,0,0,0,0,383),
(2326,'儒·龙须项链',7,1,70,1,3,1,0,0,0,0,384),
(2327,'儒·龙须戒指',8,1,70,1,3,1,0,0,0,0,385),
(2328,'道·碧空剑',1,3,80,1,3,1,0,0,0,0,386),
(2329,'道·碧空护头',2,3,80,1,3,1,0,0,0,0,387),
(2330,'道·碧空护肩',4,3,80,1,3,1,0,0,0,0,388),
(2331,'道·碧空护胸',3,3,80,1,3,1,0,0,0,0,389),
(2332,'道·碧空护腰',5,3,80,1,3,1,0,0,0,0,390),
(2333,'道·碧空护腿',6,3,80,1,3,1,0,0,0,0,391),
(2334,'道·碧空项链',7,3,80,1,3,1,0,0,0,0,392),
(2335,'道·碧空戒指',8,3,80,1,3,1,0,0,0,0,393),
(2336,'释·碧空剑',1,2,80,1,3,1,0,0,0,0,394),
(2337,'释·碧空护头',2,2,80,1,3,1,0,0,0,0,395),
(2338,'释·碧空护肩',4,2,80,1,3,1,0,0,0,0,396),
(2339,'释·碧空护胸',3,2,80,1,3,1,0,0,0,0,397),
(2340,'释·碧空护腰',5,2,80,1,3,1,0,0,0,0,398),
(2341,'释·碧空护腿',6,2,80,1,3,1,0,0,0,0,399),
(2342,'释·碧空项链',7,2,80,1,3,1,0,0,0,0,400),
(2343,'释·碧空戒指',8,2,80,1,3,1,0,0,0,0,401),
(2344,'儒·碧空剑',1,1,80,1,3,1,0,0,0,0,402),
(2345,'儒·碧空护头',2,1,80,1,3,1,0,0,0,0,403),
(2346,'儒·碧空护肩',4,1,80,1,3,1,0,0,0,0,404),
(2347,'儒·碧空护胸',3,1,80,1,3,1,0,0,0,0,405),
(2348,'儒·碧空护腰',5,1,80,1,3,1,0,0,0,0,406),
(2349,'儒·碧空护腿',6,1,80,1,3,1,0,0,0,0,407),
(2350,'儒·碧空项链',7,1,80,1,3,1,0,0,0,0,408),
(2351,'儒·碧空戒指',8,1,80,1,3,1,0,0,0,0,409),
(2352,'道·混元剑',1,3,90,1,3,1,0,0,0,0,410),
(2353,'道·混元护头',2,3,90,1,3,1,0,0,0,0,411),
(2354,'道·混元护肩',4,3,90,1,3,1,0,0,0,0,412),
(2355,'道·混元护胸',3,3,90,1,3,1,0,0,0,0,413),
(2356,'道·混元护腰',5,3,90,1,3,1,0,0,0,0,414),
(2357,'道·混元护腿',6,3,90,1,3,1,0,0,0,0,415),
(2358,'道·混元项链',7,3,90,1,3,1,0,0,0,0,416),
(2359,'道·混元戒指',8,3,90,1,3,1,0,0,0,0,417),
(2360,'释·混元剑',1,2,90,1,3,1,0,0,0,0,418),
(2361,'释·混元护头',2,2,90,1,3,1,0,0,0,0,419),
(2362,'释·混元护肩',4,2,90,1,3,1,0,0,0,0,420),
(2363,'释·混元护胸',3,2,90,1,3,1,0,0,0,0,421),
(2364,'释·混元护腰',5,2,90,1,3,1,0,0,0,0,422),
(2365,'释·混元护腿',6,2,90,1,3,1,0,0,0,0,423),
(2366,'释·混元项链',7,2,90,1,3,1,0,0,0,0,424),
(2367,'释·混元戒指',8,2,90,1,3,1,0,0,0,0,425),
(2368,'儒·混元剑',1,1,90,1,3,1,0,0,0,0,426),
(2369,'儒·混元护头',2,1,90,1,3,1,0,0,0,0,427),
(2370,'儒·混元护肩',4,1,90,1,3,1,0,0,0,0,428),
(2371,'儒·混元护胸',3,1,90,1,3,1,0,0,0,0,429),
(2372,'儒·混元护腰',5,1,90,1,3,1,0,0,0,0,430),
(2373,'儒·混元护腿',6,1,90,1,3,1,0,0,0,0,431),
(2374,'儒·混元项链',7,1,90,1,3,1,0,0,0,0,432),
(2375,'儒·混元戒指',8,1,90,1,3,1,0,0,0,0,433),
(2376,'绛云剑',1,3,35,1,4,1,0,0,0,0,434),
(2377,'绛云护头',2,3,35,1,4,1,0,0,0,0,435),
(2378,'绛云护肩',4,3,35,1,4,1,0,0,0,0,436),
(2379,'绛云护胸',3,3,35,1,4,1,0,0,0,0,437),
(2380,'绛云护腰',5,3,35,1,4,1,0,0,0,0,438),
(2381,'绛云护腿',6,3,35,1,4,1,0,0,0,0,439),
(2382,'绛云项链',7,3,35,1,4,1,0,0,0,0,440),
(2383,'绛云戒指',8,3,35,1,4,1,0,0,0,0,441),
(2384,'玄天剑',1,2,35,1,4,1,0,0,0,0,442),
(2385,'玄天护头',2,2,35,1,4,1,0,0,0,0,443),
(2386,'玄天护肩',4,2,35,1,4,1,0,0,0,0,444),
(2387,'玄天护胸',3,2,35,1,4,1,0,0,0,0,445),
(2388,'玄天护腰',5,2,35,1,4,1,0,0,0,0,446),
(2389,'玄天护腿',6,2,35,1,4,1,0,0,0,0,447),
(2390,'玄天项链',7,2,35,1,4,1,0,0,0,0,448),
(2391,'玄天戒指',8,2,35,1,4,1,0,0,0,0,449),
(2392,'残云剑',1,1,35,1,4,1,0,0,0,0,450),
(2393,'残云护头',2,1,35,1,4,1,0,0,0,0,451),
(2394,'残云护肩',4,1,35,1,4,1,0,0,0,0,452),
(2395,'残云护胸',3,1,35,1,4,1,0,0,0,0,453),
(2396,'残云护腰',5,1,35,1,4,1,0,0,0,0,454),
(2397,'残云护腿',6,1,35,1,4,1,0,0,0,0,455),
(2398,'残云项链',7,1,35,1,4,1,0,0,0,0,456),
(2399,'残云戒指',8,1,35,1,4,1,0,0,0,0,457),
(2400,'奔雷剑',1,3,45,1,4,1,0,0,0,0,458),
(2401,'奔雷护头',2,3,45,1,4,1,0,0,0,0,459),
(2402,'奔雷护肩',4,3,45,1,4,1,0,0,0,0,460),
(2403,'奔雷护胸',3,3,45,1,4,1,0,0,0,0,461),
(2404,'奔雷护腰',5,3,45,1,4,1,0,0,0,0,462),
(2405,'奔雷护腿',6,3,45,1,4,1,0,0,0,0,463),
(2406,'奔雷项链',7,3,45,1,4,1,0,0,0,0,464),
(2407,'奔雷戒指',8,3,45,1,4,1,0,0,0,0,465),
(2408,'裂空剑',1,2,45,1,4,1,0,0,0,0,466),
(2409,'裂空护头',2,2,45,1,4,1,0,0,0,0,467),
(2410,'裂空护肩',4,2,45,1,4,1,0,0,0,0,468),
(2411,'裂空护胸',3,2,45,1,4,1,0,0,0,0,469),
(2412,'裂空护腰',5,2,45,1,4,1,0,0,0,0,470),
(2413,'裂空护腿',6,2,45,1,4,1,0,0,0,0,471),
(2414,'裂空项链',7,2,45,1,4,1,0,0,0,0,472),
(2415,'裂空戒指',8,2,45,1,4,1,0,0,0,0,473),
(2416,'魍灵剑',1,1,45,1,4,1,0,0,0,0,474),
(2417,'魍灵护头',2,1,45,1,4,1,0,0,0,0,475),
(2418,'魍灵护肩',4,1,45,1,4,1,0,0,0,0,476),
(2419,'魍灵护胸',3,1,45,1,4,1,0,0,0,0,477),
(2420,'魍灵护腰',5,1,45,1,4,1,0,0,0,0,478),
(2421,'魍灵护腿',6,1,45,1,4,1,0,0,0,0,479),
(2422,'魍灵项链',7,1,45,1,4,1,0,0,0,0,480),
(2423,'魍灵戒指',8,1,45,1,4,1,0,0,0,0,481),
(2424,'紫金剑',1,3,55,1,4,1,0,0,0,0,482),
(2425,'紫金护头',2,3,55,1,4,1,0,0,0,0,483),
(2426,'紫金护肩',4,3,55,1,4,1,0,0,0,0,484),
(2427,'紫金护胸',3,3,55,1,4,1,0,0,0,0,485),
(2428,'紫金护腰',5,3,55,1,4,1,0,0,0,0,486),
(2429,'紫金护腿',6,3,55,1,4,1,0,0,0,0,487),
(2430,'紫金项链',7,3,55,1,4,1,0,0,0,0,488),
(2431,'紫金戒指',8,3,55,1,4,1,0,0,0,0,489),
(2432,'天芒剑',1,2,55,1,4,1,0,0,0,0,490),
(2433,'天芒护头',2,2,55,1,4,1,0,0,0,0,491),
(2434,'天芒护肩',4,2,55,1,4,1,0,0,0,0,492),
(2435,'天芒护胸',3,2,55,1,4,1,0,0,0,0,493),
(2436,'天芒护腰',5,2,55,1,4,1,0,0,0,0,494),
(2437,'天芒护腿',6,2,55,1,4,1,0,0,0,0,495),
(2438,'天芒项链',7,2,55,1,4,1,0,0,0,0,496),
(2439,'天芒戒指',8,2,55,1,4,1,0,0,0,0,497),
(2440,'缚影剑',1,1,55,1,4,1,0,0,0,0,498),
(2441,'缚影护头',2,1,55,1,4,1,0,0,0,0,499),
(2442,'缚影护肩',4,1,55,1,4,1,0,0,0,0,500),
(2443,'缚影护胸',3,1,55,1,4,1,0,0,0,0,501),
(2444,'缚影护腰',5,1,55,1,4,1,0,0,0,0,502),
(2445,'缚影护腿',6,1,55,1,4,1,0,0,0,0,503),
(2446,'缚影项链',7,1,55,1,4,1,0,0,0,0,504),
(2447,'缚影戒指',8,1,55,1,4,1,0,0,0,0,505),
(2448,'太极剑',1,3,65,1,4,1,0,0,0,0,506),
(2449,'太极护头',2,3,65,1,4,1,0,0,0,0,507),
(2450,'太极护肩',4,3,65,1,4,1,0,0,0,0,508),
(2451,'太极护胸',3,3,65,1,4,1,0,0,0,0,509),
(2452,'太极护腰',5,3,65,1,4,1,0,0,0,0,510),
(2453,'太极护腿',6,3,65,1,4,1,0,0,0,0,511),
(2454,'太极项链',7,3,65,1,4,1,0,0,0,0,512),
(2455,'太极戒指',8,3,65,1,4,1,0,0,0,0,513),
(2456,'万象剑',1,2,65,1,4,1,0,0,0,0,514),
(2457,'万象护头',2,2,65,1,4,1,0,0,0,0,515),
(2458,'万象护肩',4,2,65,1,4,1,0,0,0,0,516),
(2459,'万象护胸',3,2,65,1,4,1,0,0,0,0,517),
(2460,'万象护腰',5,2,65,1,4,1,0,0,0,0,518),
(2461,'万象护腿',6,2,65,1,4,1,0,0,0,0,519),
(2462,'万象项链',7,2,65,1,4,1,0,0,0,0,520),
(2463,'万象戒指',8,2,65,1,4,1,0,0,0,0,521),
(2464,'刑天剑',1,1,65,1,4,1,0,0,0,0,522),
(2465,'刑天护头',2,1,65,1,4,1,0,0,0,0,523),
(2466,'刑天护肩',4,1,65,1,4,1,0,0,0,0,524),
(2467,'刑天护胸',3,1,65,1,4,1,0,0,0,0,525),
(2468,'刑天护腰',5,1,65,1,4,1,0,0,0,0,526),
(2469,'刑天护腿',6,1,65,1,4,1,0,0,0,0,527),
(2470,'刑天项链',7,1,65,1,4,1,0,0,0,0,528),
(2471,'刑天戒指',8,1,65,1,4,1,0,0,0,0,529),
(2472,'幽冥剑',1,3,75,1,4,1,0,0,0,0,530),
(2473,'幽冥护头',2,3,75,1,4,1,0,0,0,0,531),
(2474,'幽冥护肩',4,3,75,1,4,1,0,0,0,0,532),
(2475,'幽冥护胸',3,3,75,1,4,1,0,0,0,0,533),
(2476,'幽冥护腰',5,3,75,1,4,1,0,0,0,0,534),
(2477,'幽冥护腿',6,3,75,1,4,1,0,0,0,0,535),
(2478,'幽冥项链',7,3,75,1,4,1,0,0,0,0,536),
(2479,'幽冥戒指',8,3,75,1,4,1,0,0,0,0,537),
(2480,'都篆剑',1,2,75,1,4,1,0,0,0,0,538),
(2481,'都篆护头',2,2,75,1,4,1,0,0,0,0,539),
(2482,'都篆护肩',4,2,75,1,4,1,0,0,0,0,540),
(2483,'都篆护胸',3,2,75,1,4,1,0,0,0,0,541),
(2484,'都篆护腰',5,2,75,1,4,1,0,0,0,0,542),
(2485,'都篆护腿',6,2,75,1,4,1,0,0,0,0,543),
(2486,'都篆项链',7,2,75,1,4,1,0,0,0,0,544),
(2487,'都篆戒指',8,2,75,1,4,1,0,0,0,0,545),
(2488,'元魔剑',1,1,75,1,4,1,0,0,0,0,546),
(2489,'元魔护头',2,1,75,1,4,1,0,0,0,0,547),
(2490,'元魔护肩',4,1,75,1,4,1,0,0,0,0,548),
(2491,'元魔护胸',3,1,75,1,4,1,0,0,0,0,549),
(2492,'元魔护腰',5,1,75,1,4,1,0,0,0,0,550),
(2493,'元魔护腿',6,1,75,1,4,1,0,0,0,0,551),
(2494,'元魔项链',7,1,75,1,4,1,0,0,0,0,552),
(2495,'元魔戒指',8,1,75,1,4,1,0,0,0,0,553),
(2496,'玄冥心诀2',1,3,85,1,4,1,0,0,0,0,554),
(2497,'玄冥心诀2',2,3,85,1,4,1,0,0,0,0,555),
(2498,'玄冥心诀2',4,3,85,1,4,1,0,0,0,0,556),
(2499,'玄冥心诀2',3,3,85,1,4,1,0,0,0,0,557),
(2500,'玄冥心诀2',5,3,85,1,4,1,0,0,0,0,558),
(2501,'玄冥心诀2',6,3,85,1,4,1,0,0,0,0,559),
(2502,'玄冥心诀2',7,3,85,1,4,1,0,0,0,0,560),
(2503,'玄冥心诀2',8,3,85,1,4,1,0,0,0,0,561),
(2504,'洪荒盘古剑',1,2,85,1,4,1,0,0,0,0,562),
(2505,'洪荒盘古护头',2,2,85,1,4,1,0,0,0,0,563),
(2506,'洪荒盘古护肩',4,2,85,1,4,1,0,0,0,0,564),
(2507,'洪荒盘古护胸',3,2,85,1,4,1,0,0,0,0,565),
(2508,'洪荒盘古护腰',5,2,85,1,4,1,0,0,0,0,566),
(2509,'洪荒盘古护腿',6,2,85,1,4,1,0,0,0,0,567),
(2510,'洪荒盘古项链',7,2,85,1,4,1,0,0,0,0,568),
(2511,'洪荒盘古戒指',8,2,85,1,4,1,0,0,0,0,569),
(2512,'玄冥心诀2',1,1,85,1,4,1,0,0,0,0,570),
(2513,'玄冥心诀2',2,1,85,1,4,1,0,0,0,0,571),
(2514,'玄冥心诀2',4,1,85,1,4,1,0,0,0,0,572),
(2515,'玄冥心诀2',3,1,85,1,4,1,0,0,0,0,573),
(2516,'玄冥心诀2',5,1,85,1,4,1,0,0,0,0,574),
(2517,'玄冥心诀2',6,1,85,1,4,1,0,0,0,0,575),
(2518,'玄冥心诀2',7,1,85,1,4,1,0,0,0,0,576),
(2519,'玄冥心诀2',8,1,85,1,4,1,0,0,0,0,577),
(2520,'三皇剑',1,3,95,1,4,1,0,0,0,0,578),
(2521,'三皇护头',2,3,95,1,4,1,0,0,0,0,579),
(2522,'三皇护肩',4,3,95,1,4,1,0,0,0,0,580),
(2523,'三皇护胸',3,3,95,1,4,1,0,0,0,0,581),
(2524,'三皇护腰',5,3,95,1,4,1,0,0,0,0,582),
(2525,'三皇护腿',6,3,95,1,4,1,0,0,0,0,583),
(2526,'三皇项链',7,3,95,1,4,1,0,0,0,0,584),
(2527,'三皇戒指',8,3,95,1,4,1,0,0,0,0,585),
(2528,'龙鼎剑',1,2,95,1,4,1,0,0,0,0,586),
(2529,'龙鼎护头',2,2,95,1,4,1,0,0,0,0,587),
(2530,'龙鼎护肩',4,2,95,1,4,1,0,0,0,0,588),
(2531,'龙鼎护胸',3,2,95,1,4,1,0,0,0,0,589),
(2532,'龙鼎护腰',5,2,95,1,4,1,0,0,0,0,590),
(2533,'龙鼎护腿',6,2,95,1,4,1,0,0,0,0,591),
(2534,'龙鼎项链',7,2,95,1,4,1,0,0,0,0,592),
(2535,'龙鼎戒指',8,2,95,1,4,1,0,0,0,0,593),
(2536,'玄冥心诀2',1,1,95,1,4,1,0,0,0,0,0),
(2537,'玄冥心诀2',2,1,95,1,4,1,0,0,0,0,0),
(2538,'玄冥心诀2',4,1,95,1,4,1,0,0,0,0,0),
(2539,'玄冥心诀2',3,1,95,1,4,1,0,0,0,0,0),
(2540,'玄冥心诀2',5,1,95,1,4,1,0,0,0,0,0),
(2541,'玄冥心诀2',6,1,95,1,4,1,0,0,0,0,0),
(2542,'玄冥心诀2',7,1,95,1,4,1,0,0,0,0,0),
(2543,'玄冥心诀2',8,1,95,1,4,1,0,0,0,0,0),
(5001,'一级力量石',60,0,1,1,1,99,0,1,0,0,0),
(5002,'二级力量石',60,0,1,1,1,99,0,1,0,0,0),
(5003,'三级力量石',60,0,1,1,2,99,0,1,0,0,0),
(5004,'四级力量石',60,0,1,1,2,99,0,1,0,0,0),
(5005,'五级力量石',60,0,1,1,3,99,0,1,0,0,0),
(5006,'六级力量石',60,0,1,1,3,99,0,1,0,0,0),
(5007,'七级力量石',60,0,1,1,4,99,0,1,0,0,0),
(5008,'八级力量石',60,0,1,1,4,99,0,1,0,0,0),
(5009,'九级力量石',60,0,1,1,5,99,0,1,0,0,0),
(5010,'十级力量石',60,0,1,1,5,99,0,1,0,0,0),
(5011,'一级敏捷石',61,0,1,1,1,99,0,1,0,0,0),
(5012,'二级敏捷石',61,0,1,1,1,99,0,1,0,0,0),
(5013,'三级敏捷石',61,0,1,1,2,99,0,1,0,0,0),
(5014,'四级敏捷石',61,0,1,1,2,99,0,1,0,0,0),
(5015,'五级敏捷石',61,0,1,1,3,99,0,1,0,0,0),
(5016,'六级敏捷石',61,0,1,1,3,99,0,1,0,0,0),
(5017,'七级敏捷石',61,0,1,1,4,99,0,1,0,0,0),
(5018,'八级敏捷石',61,0,1,1,4,99,0,1,0,0,0),
(5019,'九级敏捷石',61,0,1,1,5,99,0,1,0,0,0),
(5020,'十级敏捷石',61,0,1,1,5,99,0,1,0,0,0),
(5021,'一级智力石',62,0,1,1,1,99,0,1,0,0,0),
(5022,'二级智力石',62,0,1,1,1,99,0,1,0,0,0),
(5023,'三级智力石',62,0,1,1,2,99,0,1,0,0,0),
(5024,'四级智力石',62,0,1,1,2,99,0,1,0,0,0),
(5025,'五级智力石',62,0,1,1,3,99,0,1,0,0,0),
(5026,'六级智力石',62,0,1,1,3,99,0,1,0,0,0),
(5027,'七级智力石',62,0,1,1,4,99,0,1,0,0,0),
(5028,'八级智力石',62,0,1,1,4,99,0,1,0,0,0),
(5029,'九级智力石',62,0,1,1,5,99,0,1,0,0,0),
(5030,'十级智力石',62,0,1,1,5,99,0,1,0,0,0),
(5031,'一级耐力石',63,0,1,1,1,99,0,1,0,0,0),
(5032,'二级耐力石',63,0,1,1,1,99,0,1,0,0,0),
(5033,'三级耐力石',63,0,1,1,2,99,0,1,0,0,0),
(5034,'四级耐力石',63,0,1,1,2,99,0,1,0,0,0),
(5035,'五级耐力石',63,0,1,1,3,99,0,1,0,0,0),
(5036,'六级耐力石',63,0,1,1,3,99,0,1,0,0,0),
(5037,'七级耐力石',63,0,1,1,4,99,0,1,0,0,0),
(5038,'八级耐力石',63,0,1,1,4,99,0,1,0,0,0),
(5039,'九级耐力石',63,0,1,1,5,99,0,1,0,0,0),
(5040,'十级耐力石',63,0,1,1,5,99,0,1,0,0,0),
(5041,'一级生命石',64,0,1,1,1,99,0,1,0,0,0),
(5042,'二级生命石',64,0,1,1,1,99,0,1,0,0,0),
(5043,'三级生命石',64,0,1,1,2,99,0,1,0,0,0),
(5044,'四级生命石',64,0,1,1,2,99,0,1,0,0,0),
(5045,'五级生命石',64,0,1,1,3,99,0,1,0,0,0),
(5046,'六级生命石',64,0,1,1,3,99,0,1,0,0,0),
(5047,'七级生命石',64,0,1,1,4,99,0,1,0,0,0),
(5048,'八级生命石',64,0,1,1,4,99,0,1,0,0,0),
(5049,'九级生命石',64,0,1,1,5,99,0,1,0,0,0),
(5050,'十级生命石',64,0,1,1,5,99,0,1,0,0,0),
(5051,'一级攻击石',65,0,1,1,1,99,0,1,0,0,0),
(5052,'二级攻击石',65,0,1,1,1,99,0,1,0,0,0),
(5053,'三级攻击石',65,0,1,1,2,99,0,1,0,0,0),
(5054,'四级攻击石',65,0,1,1,2,99,0,1,0,0,0),
(5055,'五级攻击石',65,0,1,1,3,99,0,1,0,0,0),
(5056,'六级攻击石',65,0,1,1,3,99,0,1,0,0,0),
(5057,'七级攻击石',65,0,1,1,4,99,0,1,0,0,0),
(5058,'八级攻击石',65,0,1,1,4,99,0,1,0,0,0),
(5059,'九级攻击石',65,0,1,1,5,99,0,1,0,0,0),
(5060,'十级攻击石',65,0,1,1,5,99,0,1,0,0,0),
(5061,'一级防御石',66,0,1,1,1,99,0,1,0,0,0),
(5062,'二级防御石',66,0,1,1,1,99,0,1,0,0,0),
(5063,'三级防御石',66,0,1,1,2,99,0,1,0,0,0),
(5064,'四级防御石',66,0,1,1,2,99,0,1,0,0,0),
(5065,'五级防御石',66,0,1,1,3,99,0,1,0,0,0),
(5066,'六级防御石',66,0,1,1,3,99,0,1,0,0,0),
(5067,'七级防御石',66,0,1,1,4,99,0,1,0,0,0),
(5068,'八级防御石',66,0,1,1,4,99,0,1,0,0,0),
(5069,'九级防御石',66,0,1,1,5,99,0,1,0,0,0),
(5070,'十级防御石',66,0,1,1,5,99,0,1,0,0,0),
(5071,'一级命中石',67,0,1,1,1,99,0,1,0,0,0),
(5072,'二级命中石',67,0,1,1,1,99,0,1,0,0,0),
(5073,'三级命中石',67,0,1,1,2,99,0,1,0,0,0),
(5074,'四级命中石',67,0,1,1,2,99,0,1,0,0,0),
(5075,'五级命中石',67,0,1,1,3,99,0,1,0,0,0),
(5076,'六级命中石',67,0,1,1,3,99,0,1,0,0,0),
(5077,'七级命中石',67,0,1,1,4,99,0,1,0,0,0),
(5078,'八级命中石',67,0,1,1,4,99,0,1,0,0,0),
(5079,'九级命中石',67,0,1,1,5,99,0,1,0,0,0),
(5080,'十级命中石',67,0,1,1,5,99,0,1,0,0,0),
(5081,'一级反击石',68,0,1,1,1,99,0,1,0,0,0),
(5082,'二级反击石',68,0,1,1,1,99,0,1,0,0,0),
(5083,'三级反击石',68,0,1,1,2,99,0,1,0,0,0),
(5084,'四级反击石',68,0,1,1,2,99,0,1,0,0,0),
(5085,'五级反击石',68,0,1,1,3,99,0,1,0,0,0),
(5086,'六级反击石',68,0,1,1,3,99,0,1,0,0,0),
(5087,'七级反击石',68,0,1,1,4,99,0,1,0,0,0),
(5088,'八级反击石',68,0,1,1,4,99,0,1,0,0,0),
(5089,'九级反击石',68,0,1,1,5,99,0,1,0,0,0),
(5090,'十级反击石',68,0,1,1,5,99,0,1,0,0,0),
(5091,'一级闪避石',69,0,1,1,1,99,0,1,0,0,0),
(5092,'二级闪避石',69,0,1,1,1,99,0,1,0,0,0),
(5093,'三级闪避石',69,0,1,1,2,99,0,1,0,0,0),
(5094,'四级闪避石',69,0,1,1,2,99,0,1,0,0,0),
(5095,'五级闪避石',69,0,1,1,3,99,0,1,0,0,0),
(5096,'六级闪避石',69,0,1,1,3,99,0,1,0,0,0),
(5097,'七级闪避石',69,0,1,1,4,99,0,1,0,0,0),
(5098,'八级闪避石',69,0,1,1,4,99,0,1,0,0,0),
(5099,'九级闪避石',69,0,1,1,5,99,0,1,0,0,0),
(5100,'十级闪避石',69,0,1,1,5,99,0,1,0,0,0),
(5101,'一级暴击石',70,0,1,1,1,99,0,1,0,0,0),
(5102,'二级暴击石',70,0,1,1,1,99,0,1,0,0,0),
(5103,'三级暴击石',70,0,1,1,2,99,0,1,0,0,0),
(5104,'四级暴击石',70,0,1,1,2,99,0,1,0,0,0),
(5105,'五级暴击石',70,0,1,1,3,99,0,1,0,0,0),
(5106,'六级暴击石',70,0,1,1,3,99,0,1,0,0,0),
(5107,'七级暴击石',70,0,1,1,4,99,0,1,0,0,0),
(5108,'八级暴击石',70,0,1,1,4,99,0,1,0,0,0),
(5109,'九级暴击石',70,0,1,1,5,99,0,1,0,0,0),
(5110,'十级暴击石',70,0,1,1,5,99,0,1,0,0,0),
(5111,'一级破击石',71,0,1,1,1,99,0,1,0,0,0),
(5112,'二级破击石',71,0,1,1,1,99,0,1,0,0,0),
(5113,'三级破击石',71,0,1,1,2,99,0,1,0,0,0),
(5114,'四级破击石',71,0,1,1,2,99,0,1,0,0,0),
(5115,'五级破击石',71,0,1,1,3,99,0,1,0,0,0),
(5116,'六级破击石',71,0,1,1,3,99,0,1,0,0,0),
(5117,'七级破击石',71,0,1,1,4,99,0,1,0,0,0),
(5118,'八级破击石',71,0,1,1,4,99,0,1,0,0,0),
(5119,'九级破击石',71,0,1,1,5,99,0,1,0,0,0),
(5120,'十级破击石',71,0,1,1,5,99,0,1,0,0,0),
(5121,'一级身法石',72,0,1,1,1,99,0,1,0,0,0),
(5122,'二级身法石',72,0,1,1,1,99,0,1,0,0,0),
(5123,'三级身法石',72,0,1,1,2,99,0,1,0,0,0),
(5124,'四级身法石',72,0,1,1,2,99,0,1,0,0,0),
(5125,'五级身法石',72,0,1,1,3,99,0,1,0,0,0),
(5126,'六级身法石',72,0,1,1,3,99,0,1,0,0,0),
(5127,'七级身法石',72,0,1,1,4,99,0,1,0,0,0),
(5128,'八级身法石',72,0,1,1,4,99,0,1,0,0,0),
(5129,'九级身法石',72,0,1,1,5,99,0,1,0,0,0),
(5130,'十级身法石',72,0,1,1,5,99,0,1,0,0,0),
(5131,'一级坚韧石',72,0,1,1,1,99,0,1,0,0,0),
(5132,'二级坚韧石',72,0,1,1,1,99,0,1,0,0,0),
(5133,'三级坚韧石',72,0,1,1,2,99,0,1,0,0,0),
(5134,'四级坚韧石',72,0,1,1,2,99,0,1,0,0,0),
(5135,'五级坚韧石',72,0,1,1,3,99,0,1,0,0,0),
(5136,'六级坚韧石',72,0,1,1,3,99,0,1,0,0,0),
(5137,'七级坚韧石',72,0,1,1,4,99,0,1,0,0,0),
(5138,'八级坚韧石',72,0,1,1,4,99,0,1,0,0,0),
(5139,'九级坚韧石',72,0,1,1,5,99,0,1,0,0,0),
(5140,'十级坚韧石',72,0,1,1,5,99,0,1,0,0,0);
