INSERT INTO `jiguanshu` VALUES
(0,500,500),
(1,1200,700),
(2,2100,900),
(3,3200,1100),
(4,4500,1300),
(5,6000,1500),
(6,7700,1700),
(7,9600,1900),
(8,11700,2100),
(9,14000,2300),
(10,16500,2500),
(11,19200,2700),
(12,22100,2900),
(13,25200,3100),
(14,28500,3300),
(15,32000,3500),
(16,35700,3700),
(17,39600,3900),
(18,43700,4100),
(19,48000,4300),
(20,52500,4500),
(21,57200,4700),
(22,62100,4900),
(23,67200,5100),
(24,72500,5300),
(25,78000,5500),
(26,83700,5700),
(27,89600,5900),
(28,95700,6100),
(29,102000,6300),
(30,108500,6500),
(31,115200,6700),
(32,122100,6900),
(33,129200,7100),
(34,136500,7300),
(35,144000,7500),
(36,151700,7700),
(37,159600,7900),
(38,167700,8100),
(39,176000,8300),
(40,184500,8500),
(41,193200,8700),
(42,202100,8900),
(43,211200,9100),
(44,220500,9300),
(45,230000,9500),
(46,239700,9700),
(47,249600,9900),
(48,259700,10100),
(49,270000,10300),
(50,280500,10500),
(51,291200,10700),
(52,302100,10900),
(53,313200,11100),
(54,324500,11300),
(55,336000,11500),
(56,347700,11700),
(57,359600,11900),
(58,371700,12100),
(59,384000,12300),
(60,396500,12500),
(61,409200,12700),
(62,422100,12900),
(63,435200,13100),
(64,448500,13300),
(65,462000,13500),
(66,475700,13700),
(67,489600,13900),
(68,503700,14100),
(69,518000,14300),
(70,532500,14500),
(71,547200,14700),
(72,562100,14900),
(73,577200,15100),
(74,592500,15300),
(75,608000,15500),
(76,623700,15700),
(77,639600,15900),
(78,655700,16100),
(79,672000,16300),
(80,688500,16500),
(81,705200,16700),
(82,722100,16900),
(83,739200,17100),
(84,756500,17300),
(85,774000,17500),
(86,791700,17700),
(87,809600,17900),
(88,827700,18100),
(89,846000,18300),
(90,864500,18500),
(91,883200,18700),
(92,902100,18900),
(93,921200,19100),
(94,940500,19300),
(95,960000,19500),
(96,979700,19700),
(97,999600,19900),
(98,1019700,20100),
(99,1040000,20300),
(100,1060500,20500);
