INSERT INTO `jiguanyu` VALUES
(1,1,'天机玉1',2,1,10,1,'1,0,0,0,0,0,0,0,0','1',0),
(2,1,'天机玉2',3,2,20,2,'1,1,0,0,0,0,0,0,0','1,2',0),
(3,1,'天机玉3',4,3,30,3,'1,1,1,0,0,0,0,0,0','1,2,3',0),
(4,1,'天机玉4',5,4,40,4,'1,1,1,1,0,0,0,0,0','1,2,3,4',0),
(5,1,'天机玉5',2,5,50,1,'1,1,1,1,1,0,0,0,0','1,2,3,4,5',0),
(6,1,'天机玉6',3,6,60,2,'1,1,1,1,1,1,0,0,0','1,2,3,4,5,6',0),
(7,1,'天机玉7',4,7,70,3,'1,1,1,1,1,1,1,0,0','1,2,3,4,5,6,7',0),
(8,1,'天机玉8',5,8,80,4,'1,1,1,1,1,1,1,1,0','1,2,3,4,5,6,7,8',0),
(9,1,'天机玉9',2,9,90,1,'1,1,1,1,1,1,1,1,1','1,2,3,4,5,6,7,8,9',0),
(10,1,'天机玉10',3,10,100,2,'0,1,1,1,1,1,1,1,1','2,3,4,5,6,7,8,9',0),
(11,1,'天机玉11',4,1,110,3,'1,0,0,0,0,0,0,0,0','1',0),
(12,1,'天机玉12',5,2,120,4,'1,1,0,0,0,0,0,0,0','1,2',0),
(13,1,'天机玉13',2,3,130,1,'1,1,1,0,0,0,0,0,0','1,2,3',0),
(14,1,'天机玉14',3,4,140,2,'1,1,1,1,0,0,0,0,0','1,2,3,4',0),
(15,1,'天机玉15',4,5,150,3,'1,1,1,1,1,0,0,0,0','1,2,3,4,5',0),
(16,1,'天机玉16',5,6,160,4,'1,1,1,1,1,1,0,0,0','1,2,3,4,5,6',0),
(17,1,'天机玉17',2,7,170,1,'1,1,1,1,1,1,1,0,0','1,2,3,4,5,6,7',0),
(18,1,'天机玉18',3,8,180,2,'1,1,1,1,1,1,1,1,0','1,2,3,4,5,6,7,8',0),
(19,1,'天机玉19',4,9,190,3,'1,1,1,1,1,1,1,1,1','1,2,3,4,5,6,7,8,9',0),
(20,1,'天机玉20',5,10,200,4,'0,1,1,1,1,1,1,1,1','2,3,4,5,6,7,8,9',0),
(21,1,'天机玉21',2,1,210,1,'1,0,0,0,0,0,0,0,0','1',0),
(22,1,'天机玉22',3,2,220,2,'1,1,0,0,0,0,0,0,0','1,2',0),
(23,1,'天机玉23',4,3,230,3,'1,1,1,0,0,0,0,0,0','1,2,3',0),
(24,1,'天机玉24',5,4,240,4,'1,1,1,1,0,0,0,0,0','1,2,3,4',0),
(25,1,'天机玉25',2,5,250,1,'1,1,1,1,1,0,0,0,0','1,2,3,4,5',0),
(26,1,'天机玉26',3,6,260,2,'1,1,1,1,1,1,0,0,0','1,2,3,4,5,6',0),
(27,1,'天机玉27',4,7,270,3,'1,1,1,1,1,1,1,0,0','1,2,3,4,5,6,7',0),
(28,1,'天机玉28',5,8,280,4,'1,1,1,1,1,1,1,1,0','1,2,3,4,5,6,7,8',0),
(29,1,'天机玉29',2,9,290,1,'1,1,1,1,1,1,1,1,1','1,2,3,4,5,6,7,8,9',0),
(30,1,'天机玉30',3,10,300,2,'0,1,1,1,1,1,1,1,1','2,3,4,5,6,7,8,9',0),
(31,1,'天机玉31',4,1,310,3,'1,0,0,0,0,0,0,0,0','1',0),
(32,1,'天机玉32',5,2,320,4,'1,1,0,0,0,0,0,0,0','1,2',0),
(33,1,'天机玉33',2,3,330,1,'1,1,1,0,0,0,0,0,0','1,2,3',0),
(34,1,'天机玉34',3,4,340,2,'1,1,1,1,0,0,0,0,0','1,2,3,4',0),
(35,1,'天机玉35',4,5,350,3,'1,1,1,1,1,0,0,0,0','1,2,3,4,5',0),
(36,1,'天机玉36',5,6,360,4,'1,1,1,1,1,1,0,0,0','1,2,3,4,5,6',0),
(37,1,'天机玉37',2,7,370,1,'1,1,1,1,1,1,1,0,0','1,2,3,4,5,6,7',0),
(38,1,'天机玉38',3,8,380,2,'1,1,1,1,1,1,1,1,0','1,2,3,4,5,6,7,8',0),
(39,1,'天机玉39',4,9,390,3,'1,1,1,1,1,1,1,1,1','1,2,3,4,5,6,7,8,9',0),
(40,1,'天机玉40',5,10,400,4,'0,1,1,1,1,1,1,1,1','2,3,4,5,6,7,8,9',0),
(41,1,'天机玉41',2,1,410,1,'1,0,0,0,0,0,0,0,0','1',0),
(42,1,'天机玉42',3,2,420,2,'1,1,0,0,0,0,0,0,0','1,2',0),
(43,1,'天机玉43',4,3,430,3,'1,1,1,0,0,0,0,0,0','1,2,3',0),
(44,1,'天机玉44',5,4,440,4,'1,1,1,1,0,0,0,0,0','1,2,3,4',0),
(45,1,'天机玉45',2,5,450,1,'1,1,1,1,1,0,0,0,0','1,2,3,4,5',0),
(46,1,'天机玉46',3,6,460,2,'1,1,1,1,1,1,0,0,0','1,2,3,4,5,6',0),
(47,1,'天机玉47',4,7,470,3,'1,1,1,1,1,1,1,0,0','1,2,3,4,5,6,7',0),
(48,1,'天机玉48',5,8,480,4,'1,1,1,1,1,1,1,1,0','1,2,3,4,5,6,7,8',0),
(49,1,'天机玉49',2,9,490,1,'1,1,1,1,1,1,1,1,1','1,2,3,4,5,6,7,8,9',0),
(50,1,'天机玉50',3,10,500,2,'0,1,1,1,1,1,1,1,1','2,3,4,5,6,7,8,9',0),
(51,1,'天机玉51',4,1,510,3,'1,0,0,0,0,0,0,0,0','1',0),
(52,1,'天机玉52',5,2,520,4,'1,1,0,0,0,0,0,0,0','1,2',0),
(53,1,'天机玉53',2,3,530,1,'1,1,1,0,0,0,0,0,0','1,2,3',0),
(54,1,'天机玉54',3,4,540,2,'1,1,1,1,0,0,0,0,0','1,2,3,4',0),
(55,1,'天机玉55',4,5,550,3,'1,1,1,1,1,0,0,0,0','1,2,3,4,5',0),
(56,1,'天机玉56',5,6,560,4,'1,1,1,1,1,1,0,0,0','1,2,3,4,5,6',0),
(57,1,'天机玉57',2,7,570,1,'1,1,1,1,1,1,1,0,0','1,2,3,4,5,6,7',0),
(58,1,'天机玉58',3,8,580,2,'1,1,1,1,1,1,1,1,0','1,2,3,4,5,6,7,8',0),
(59,1,'天机玉59',4,9,590,3,'1,1,1,1,1,1,1,1,1','1,2,3,4,5,6,7,8,9',0),
(60,1,'天机玉60',5,10,600,4,'0,1,1,1,1,1,1,1,1','2,3,4,5,6,7,8,9',0),
(61,1,'天机玉61',2,1,610,1,'1,0,0,0,0,0,0,0,0','1',0),
(62,1,'天机玉62',3,2,620,2,'1,1,0,0,0,0,0,0,0','1,2',0),
(63,1,'天机玉63',4,3,630,3,'1,1,1,0,0,0,0,0,0','1,2,3',0),
(64,1,'天机玉64',5,4,640,4,'1,1,1,1,0,0,0,0,0','1,2,3,4',0),
(65,1,'天机玉65',2,5,650,1,'1,1,1,1,1,0,0,0,0','1,2,3,4,5',0),
(66,1,'天机玉66',3,6,660,2,'1,1,1,1,1,1,0,0,0','1,2,3,4,5,6',0),
(67,1,'天机玉67',4,7,670,3,'1,1,1,1,1,1,1,0,0','1,2,3,4,5,6,7',0),
(68,1,'天机玉68',5,8,680,4,'1,1,1,1,1,1,1,1,0','1,2,3,4,5,6,7,8',0),
(69,1,'天机玉69',2,9,690,1,'1,1,1,1,1,1,1,1,1','1,2,3,4,5,6,7,8,9',0),
(70,1,'天机玉70',3,10,700,2,'0,1,1,1,1,1,1,1,1','2,3,4,5,6,7,8,9',0),
(71,1,'天机玉71',4,1,710,3,'1,0,0,0,0,0,0,0,0','1',0),
(72,1,'天机玉72',5,2,720,4,'1,1,0,0,0,0,0,0,0','1,2',0),
(73,1,'天机玉73',2,3,730,1,'1,1,1,0,0,0,0,0,0','1,2,3',0),
(74,1,'天机玉74',3,4,740,2,'1,1,1,1,0,0,0,0,0','1,2,3,4',0),
(75,1,'天机玉75',4,5,750,3,'1,1,1,1,1,0,0,0,0','1,2,3,4,5',0),
(76,1,'天机玉76',5,6,760,4,'1,1,1,1,1,1,0,0,0','1,2,3,4,5,6',0),
(77,1,'天机玉77',2,7,770,1,'1,1,1,1,1,1,1,0,0','1,2,3,4,5,6,7',0),
(78,1,'天机玉78',3,8,780,2,'1,1,1,1,1,1,1,1,0','1,2,3,4,5,6,7,8',0),
(79,1,'天机玉79',4,9,790,3,'1,1,1,1,1,1,1,1,1','1,2,3,4,5,6,7,8,9',0),
(80,1,'天机玉80',5,10,800,4,'0,1,1,1,1,1,1,1,1','2,3,4,5,6,7,8,9',0),
(81,1,'天机玉81',2,1,810,1,'1,0,0,0,0,0,0,0,0','1',0),
(82,1,'天机玉82',3,2,820,2,'1,1,0,0,0,0,0,0,0','1,2',0),
(83,1,'天机玉83',4,3,830,3,'1,1,1,0,0,0,0,0,0','1,2,3',0),
(84,1,'天机玉84',5,4,840,4,'1,1,1,1,0,0,0,0,0','1,2,3,4',0),
(85,1,'天机玉85',2,5,850,1,'1,1,1,1,1,0,0,0,0','1,2,3,4,5',0),
(86,1,'天机玉86',3,6,860,2,'1,1,1,1,1,1,0,0,0','1,2,3,4,5,6',0),
(87,1,'天机玉87',4,7,870,3,'1,1,1,1,1,1,1,0,0','1,2,3,4,5,6,7',0),
(88,1,'天机玉88',5,8,880,4,'1,1,1,1,1,1,1,1,0','1,2,3,4,5,6,7,8',0),
(89,1,'天机玉89',2,9,890,1,'1,1,1,1,1,1,1,1,1','1,2,3,4,5,6,7,8,9',0),
(90,1,'天机玉90',3,10,900,2,'0,1,1,1,1,1,1,1,1','2,3,4,5,6,7,8,9',0),
(91,1,'天机玉91',4,1,910,3,'1,0,0,0,0,0,0,0,0','1',0),
(92,1,'天机玉92',5,2,920,4,'1,1,0,0,0,0,0,0,0','1,2',0),
(93,1,'天机玉93',2,3,930,1,'1,1,1,0,0,0,0,0,0','1,2,3',0),
(94,1,'天机玉94',3,4,940,2,'1,1,1,1,0,0,0,0,0','1,2,3,4',0),
(95,1,'天机玉95',4,5,950,3,'1,1,1,1,1,0,0,0,0','1,2,3,4,5',0),
(96,1,'天机玉96',5,6,960,4,'1,1,1,1,1,1,0,0,0','1,2,3,4,5,6',0),
(97,1,'天机玉97',2,7,970,1,'1,1,1,1,1,1,1,0,0','1,2,3,4,5,6,7',0),
(98,1,'天机玉98',3,8,980,2,'1,1,1,1,1,1,1,1,0','1,2,3,4,5,6,7,8',0),
(99,1,'天机玉99',4,9,990,3,'1,1,1,1,1,1,1,1,1','1,2,3,4,5,6,7,8,9',0),
(100,1,'天机玉100',5,10,1000,4,'0,1,1,1,1,1,1,1,1','2,3,4,5,6,7,8,9',0);
