INSERT INTO `kettleNpc` VALUES
(1,5.28,0.00,0.00,0.00,26484),
(2,5.28,0.00,0.00,0.00,26484),
(3,0.00,4.59,0.00,0.00,26484),
(4,0.00,4.59,0.00,0.00,26484),
(5,0.00,0.00,12.24,0.00,26484),
(6,0.00,0.00,12.24,0.00,26484),
(7,0.00,0.00,0.00,1.07,26484),
(8,4.59,0.00,0.00,0.00,28359),
(9,4.59,0.00,0.00,0.00,28359),
(10,0.00,5.28,0.00,0.00,28359),
(11,0.00,5.28,0.00,0.00,28359),
(12,0.00,0.00,12.24,0.00,28359),
(13,0.00,0.00,12.24,0.00,28359),
(14,0.00,0.00,0.00,1.07,28359),
(15,3.21,0.00,0.00,0.00,33984),
(16,3.21,0.00,0.00,0.00,33984),
(17,0.00,3.21,0.00,0.00,33984),
(18,0.00,3.21,0.00,0.00,33984),
(19,0.00,0.00,27.54,0.00,33984),
(20,0.00,0.00,27.54,0.00,33984),
(21,0.00,0.00,0.00,1.07,33984),
(22,5.28,0.00,0.00,0.00,36094),
(23,5.28,0.00,0.00,0.00,36094),
(24,0.00,4.59,0.00,0.00,36094),
(25,0.00,4.59,0.00,0.00,36094),
(26,0.00,0.00,12.24,0.00,36094),
(27,0.00,0.00,12.24,0.00,36094),
(28,0.00,0.00,0.00,1.07,36094),
(29,5.28,0.00,0.00,0.00,38203),
(30,5.28,0.00,0.00,0.00,38203),
(31,0.00,4.59,0.00,0.00,38203),
(32,0.00,4.59,0.00,0.00,38203),
(33,0.00,0.00,12.24,0.00,38203),
(34,0.00,0.00,12.24,0.00,38203),
(35,0.00,0.00,0.00,1.07,38203),
(36,4.59,0.00,0.00,0.00,40313),
(37,4.59,0.00,0.00,0.00,40313),
(38,0.00,5.28,0.00,0.00,40313),
(39,0.00,5.28,0.00,0.00,40313),
(40,0.00,0.00,12.24,0.00,40313),
(41,0.00,0.00,12.24,0.00,40313),
(42,0.00,0.00,0.00,1.07,40313),
(43,3.21,0.00,0.00,0.00,42422),
(44,3.21,0.00,0.00,0.00,42422),
(45,0.00,3.21,0.00,0.00,42422),
(46,0.00,3.21,0.00,0.00,42422),
(47,0.00,0.00,27.54,0.00,42422),
(48,0.00,0.00,27.54,0.00,42422),
(49,0.00,0.00,0.00,1.07,42422),
(50,5.28,0.00,0.00,0.00,44531),
(51,5.28,0.00,0.00,0.00,44531),
(52,0.00,4.59,0.00,0.00,44531),
(53,0.00,4.59,0.00,0.00,44531),
(54,0.00,0.00,12.24,0.00,44531),
(55,0.00,0.00,12.24,0.00,44531),
(56,0.00,0.00,0.00,1.07,44531),
(57,4.59,0.00,0.00,0.00,46641),
(58,4.59,0.00,0.00,0.00,46641),
(59,0.00,5.28,0.00,0.00,46641),
(60,0.00,5.28,0.00,0.00,46641),
(61,0.00,0.00,12.24,0.00,46641),
(62,0.00,0.00,12.24,0.00,46641),
(63,0.00,0.00,0.00,1.07,46641),
(64,4.59,0.00,0.00,0.00,48750),
(65,4.59,0.00,0.00,0.00,48750),
(66,0.00,5.28,0.00,0.00,48750),
(67,0.00,5.28,0.00,0.00,48750),
(68,0.00,0.00,12.24,0.00,48750),
(69,0.00,0.00,12.24,0.00,48750),
(70,0.00,0.00,0.00,1.07,48750),
(71,5.28,0.00,0.00,0.00,48750),
(72,5.28,0.00,0.00,0.00,48750),
(73,0.00,4.59,0.00,0.00,48750),
(74,0.00,4.59,0.00,0.00,48750),
(75,0.00,0.00,12.24,0.00,48750),
(76,0.00,0.00,12.24,0.00,48750),
(77,0.00,0.00,0.00,1.07,48750),
(78,4.59,0.00,0.00,0.00,48750),
(79,4.59,0.00,0.00,0.00,48750),
(80,0.00,5.28,0.00,0.00,48750),
(81,0.00,5.28,0.00,0.00,48750),
(82,0.00,0.00,12.24,0.00,48750),
(83,0.00,0.00,12.24,0.00,48750),
(84,0.00,0.00,0.00,1.07,48750),
(85,3.21,0.00,0.00,0.00,48750),
(86,3.21,0.00,0.00,0.00,48750),
(87,0.00,3.21,0.00,0.00,48750),
(88,0.00,3.21,0.00,0.00,48750),
(89,0.00,0.00,27.54,0.00,48750),
(90,0.00,0.00,27.54,0.00,48750),
(91,0.00,0.00,0.00,1.07,48750),
(92,5.28,0.00,0.00,0.00,48750),
(93,5.28,0.00,0.00,0.00,48750),
(94,0.00,4.59,0.00,0.00,48750),
(95,0.00,4.59,0.00,0.00,48750),
(96,0.00,0.00,12.24,0.00,48750),
(97,0.00,0.00,12.24,0.00,48750),
(98,0.00,0.00,0.00,1.07,48750),
(99,5.28,0.00,0.00,0.00,48750),
(100,5.28,0.00,0.00,0.00,48750),
(101,0.00,4.59,0.00,0.00,48750),
(102,0.00,4.59,0.00,0.00,48750),
(103,0.00,0.00,12.24,0.00,48750),
(104,0.00,0.00,12.24,0.00,48750),
(105,0.00,0.00,0.00,1.07,48750),
