INSERT INTO `lbskills` VALUES
(1,'南明离火70',0,70,0,0.00,1,5,0,'0',0,0,0,2500,663,828),
(2,'南明离火80',0,80,0,0.00,1,5,0,'0',0,0,0,2500,1519,1898),
(3,'南明离火90',0,90,0,0.00,1,5,0,'0',0,0,0,2500,2568,3210),
(4,'南明离火100',0,100,0,0.00,1,5,0,'0',0,0,0,2500,3810,4762),
(5,'上清剑气70',0,70,0,0.00,1,7,0,'0',0,0,0,2500,708,885),
(6,'上清剑气80',0,80,0,0.00,1,7,0,'0',0,0,0,2500,1619,2023),
(7,'上清剑气90',0,90,0,0.00,1,7,0,'0',0,0,0,2500,2731,3413),
(8,'上清剑气100',0,100,0,0.00,1,7,0,'0',0,0,0,2500,4045,5056),
(9,'五雷正心诀70',0,70,0,0.00,1,6,0,'0',0,0,0,2500,651,813),
(10,'五雷正心诀80',0,80,0,0.00,1,6,0,'0',0,0,0,2500,1492,1865),
(11,'五雷正心诀90',0,90,0,0.00,1,6,0,'0',0,0,0,2500,2524,3155),
(12,'五雷正心诀100',0,100,0,0.00,1,6,0,'0',0,0,0,2500,3746,4682),
(13,'御剑真诀70',0,70,0,0.00,1,23,0,'0',0,0,0,2500,620,775),
(14,'御剑真诀80',0,80,0,0.00,1,23,0,'0',0,0,0,2500,1425,1781),
(15,'御剑真诀90',0,90,0,0.00,1,23,0,'0',0,0,0,2500,2414,3017),
(16,'御剑真诀100',0,100,0,0.00,1,23,0,'0',0,0,0,2500,3587,4483),
(17,'无形剑70',0,70,0,0.00,1,24,0,'0',0,0,0,2500,661,826),
(18,'无形剑80',0,80,0,0.00,1,24,0,'0',0,0,0,2500,1515,1893),
(19,'无形剑90',0,90,0,0.00,1,24,0,'0',0,0,0,2500,2561,3201),
(20,'无形剑100',0,100,0,0.00,1,24,0,'0',0,0,0,2500,3799,4748),
(21,'大道无常剑70',0,70,0,0.00,1,25,0,'0',0,0,0,2500,609,761),
(22,'大道无常剑80',0,80,0,0.00,1,25,0,'0',0,0,0,2500,1400,1750),
(23,'大道无常剑90',0,90,0,0.00,1,25,0,'0',0,0,0,2500,2373,2966),
(24,'大道无常剑100',0,100,0,0.00,1,25,0,'0',0,0,0,2500,3528,4410),
(25,'心剑70',0,70,0,0.00,1,14,0,'0',0,0,0,2500,521,651),
(26,'心剑80',0,80,0,0.00,1,14,0,'0',0,0,0,2500,1208,1510),
(27,'心剑90',0,90,0,0.00,1,14,0,'0',0,0,0,2500,2058,2572),
(28,'心剑100',0,100,0,0.00,1,14,0,'0',0,0,0,2500,3074,3842),
(29,'普渡咒70',0,70,0,0.00,1,13,0,'0',0,0,0,2500,319,398),
(30,'普渡咒80',0,80,0,0.00,1,13,0,'0',0,0,0,2500,763,953),
(31,'普渡咒90',0,90,0,0.00,1,13,0,'0',0,0,0,2500,1331,1663),
(32,'普渡咒100',0,100,0,0.00,1,13,0,'0',0,0,0,2500,2023,2528),
(33,'甘露咒70',0,70,0,0.00,1,15,0,'0',0,0,0,2500,673,841),
(34,'甘露咒80',0,80,0,0.00,1,15,0,'0',0,0,0,2500,1540,1925),
(35,'甘露咒90',0,90,0,0.00,1,15,0,'0',0,0,0,2500,2603,3253),
(36,'甘露咒100',0,100,0,0.00,1,15,0,'0',0,0,0,2500,3860,4825),
(37,'萧风踏浪70',0,70,0,0.00,1,29,0,'0',0,0,0,2500,290,362),
(38,'萧风踏浪80',0,80,0,0.00,1,29,0,'0',0,0,0,2500,662,827),
(39,'萧风踏浪90',0,90,0,0.00,1,29,0,'0',0,0,0,2500,1117,1396),
(40,'萧风踏浪100',0,100,0,0.00,1,29,0,'0',0,0,0,2500,1653,2066),
(41,'墨家印记70',0,70,0,0.00,1,32,0,'0',0,0,0,2500,656,820),
(42,'墨家印记80',0,80,0,0.00,1,32,0,'0',0,0,0,2500,1505,1881),
(43,'墨家印记90',0,90,0,0.00,1,32,0,'0',0,0,0,2500,2544,3180),
(44,'墨家印记100',0,100,0,0.00,1,32,0,'0',0,0,0,2500,3775,4718),
(45,'魔龙剑舞70',0,70,0,0.00,1,30,0,'0',0,0,0,2500,615,768),
(46,'魔龙剑舞80',0,80,0,0.00,1,30,0,'0',0,0,0,2500,1413,1766),
(47,'魔龙剑舞90',0,90,0,0.00,1,30,0,'0',0,0,0,2500,2395,2993),
(48,'魔龙剑舞100',0,100,0,0.00,1,30,0,'0',0,0,0,2500,3559,4448),
(49,'墨门传承70',0,70,0,0.00,1,33,0,'0',0,0,0,2500,660,825),
(50,'墨门传承80',0,80,0,0.00,1,33,0,'0',0,0,0,2500,1513,1891),
(51,'墨门传承90',0,90,0,0.00,1,33,0,'0',0,0,0,2500,2557,3196),
(52,'墨门传承100',0,100,0,0.00,1,33,0,'0',0,0,0,2500,3794,4742),
(53,'诸天心魔80',0,80,0,0.00,1,8,0,'0',0,0,0,2500,1616,2020),
(54,'诸天心魔90',0,90,0,0.00,1,8,0,'0',0,0,0,2500,2727,3408),
(55,'诸天心魔100',0,100,0,0.00,1,8,0,'0',0,0,0,2500,4039,5048),
(56,'逍遥剑80',0,80,0,0.00,1,26,0,'0',0,0,0,2500,1513,1891),
(57,'逍遥剑90',0,90,0,0.00,1,26,0,'0',0,0,0,2500,2557,3196),
(58,'逍遥剑100',0,100,0,0.00,1,26,0,'0',0,0,0,2500,3794,4742),
(59,'真·乾元指80',0,80,0,0.00,1,28,0,'0',0,0,0,2500,1690,2112),
(60,'真·乾元指90',0,90,0,0.00,1,28,0,'0',0,0,0,2500,2848,3560),
(61,'真·乾元指100',0,100,0,0.00,1,28,0,'0',0,0,0,2500,4214,5267),
(62,'凤舞九天80',0,80,0,0.00,1,31,0,'0',0,0,0,2500,1413,1766),
(63,'凤舞九天90',0,90,0,0.00,1,31,0,'0',0,0,0,2500,2395,2993),
(64,'凤舞九天100',0,100,0,0.00,1,31,0,'0',0,0,0,2500,3559,4448),
(65,'青莲剑歌90',0,90,0,0.00,1,9,0,'0',0,0,0,2500,3073,3841),
(66,'青莲剑歌100',0,100,0,0.00,1,9,0,'0',0,0,0,2500,4539,5673),
(67,'万剑诀90',0,90,0,0.00,1,27,0,'0',0,0,0,2500,473,591),
(68,'万剑诀100',0,100,0,0.00,1,27,0,'0',0,0,0,2500,694,867),
(69,'普渡慈航90',0,90,0,0.00,1,18,0,'0',0,0,0,2500,2758,3447),
(70,'普渡慈航100',0,100,0,0.00,1,18,0,'0',0,0,0,2500,4084,5105),
(71,'斗转星移90',0,90,0,0.00,1,34,0,'0',0,0,0,2500,2640,3300),
(72,'斗转星移100',0,100,0,0.00,1,34,0,'0',0,0,0,2500,3914,4892),
(73,'移形化影100',0,100,0,0.00,1,35,0,'0',0,0,0,2500,4571,5713),
(74,'灵',1,70,0,0.00,2,0,0,'1',2,0,2,2500,15000,1500),
(75,'灵',1,80,0,0.00,2,0,0,'1',2,0,2,2500,20000,1750),
(76,'灵',1,90,0,0.00,2,0,0,'1',2,0,2,2500,25000,2000),
(77,'灵',1,100,0,0.00,2,0,0,'1',2,0,2,2500,30000,2250),
(78,'灵',1,70,1,0.00,2,0,0,'1',1,0,3,2500,6000,1500),
(79,'灵',1,80,1,0.00,2,0,0,'1',1,0,3,2500,7000,1750),
(80,'灵',1,90,1,0.00,2,0,0,'1',1,0,3,2500,8000,2000),
(81,'灵',1,100,1,0.00,2,0,0,'1',1,0,3,2500,9000,2250),
(82,'灵',1,80,7000,0.00,6,0,0,'1',1,0,4,2500,0,1750),
(83,'灵',1,90,8000,0.00,6,0,0,'1',1,0,4,2500,0,2000),
(84,'灵',1,100,9000,0.00,6,0,0,'1',1,0,4,2500,0,2250),
(85,'灵',1,80,7000,0.00,6,0,0,'1',1,0,5,2500,0,1750),
(86,'灵',1,90,8000,0.00,6,0,0,'1',1,0,5,2500,0,2000),
(87,'灵',1,100,9000,0.00,6,0,0,'1',1,0,5,2500,0,2250),
(88,'灵',1,90,1,0.00,2,0,0,'1',1,0,7,2500,5000,3000),
(89,'灵',1,100,1,0.00,2,0,0,'1',1,0,7,2500,7500,4000),
(90,'灵',1,90,0,0.00,2,0,0,'1',2,0,6,2500,5000,3000),
(91,'灵',1,100,0,0.00,2,0,0,'1',2,0,6,2500,7500,4000),
(92,'灵',1,100,1,10000.00,2,0,0,'1',1,0,8,2500,0,5000),
(93,'灵',1,100,0,0.00,2,0,0,'1',0,0,9,2500,100,5000),
(94,'悟',2,70,1,0.00,3,0,0,'1',0,0,1,2500,13000,1500),
(95,'悟',2,80,1,0.00,3,0,0,'1',0,0,1,2500,16000,1750),
(96,'悟',2,90,1,0.00,3,0,0,'1',0,0,1,2500,19000,2000),
(97,'悟',2,100,1,0.00,3,0,0,'1',0,0,1,2500,22000,2250),
(98,'悟',2,70,0,0.00,3,0,9,'1',2,0,10,2500,1000,1500),
(99,'悟',2,80,0,0.00,3,0,9,'1',2,0,10,2500,1500,1750),
(100,'悟',2,90,0,0.00,3,0,9,'1',2,0,10,2500,2000,2000),
(101,'悟',2,100,0,0.00,3,0,9,'1',2,0,10,2500,2500,2250),
(102,'悟',2,80,1,0.00,3,0,3,'1,0.8,0.6,0.4,0.2',0,0,1,2500,10000,1750),
(103,'悟',2,90,1,0.00,3,0,3,'1,0.8,0.6,0.4,0.2',0,0,1,2500,13000,2000),
(104,'悟',2,100,1,0.00,3,0,3,'1,0.8,0.6,0.4,0.2',0,0,1,2500,16000,2250),
(105,'悟',2,80,0,0.00,3,0,10,'1',2,0,10,2500,1500,1750),
(106,'悟',2,90,0,0.00,3,0,10,'1',2,0,10,2500,2000,2000),
(107,'悟',2,100,0,0.00,3,0,10,'1',2,0,10,2500,2500,2250),
(108,'悟',2,90,1,0.00,3,0,2,'1,0.8,0.6,0.4,0.2',0,0,1,2500,16000,3000),
(109,'悟',2,100,1,0.00,3,0,2,'1,0.8,0.6,0.4,0.2',0,0,1,2500,20000,4000),
(110,'悟',2,90,0,0.00,3,0,11,'1',2,0,10,2500,2000,3000),
(111,'悟',2,100,0,0.00,3,0,11,'1',2,0,10,2500,2500,4000),
(112,'悟',2,100,1,0.00,3,0,1,'1,0.8,0.6,0.5,0.4,0.3,0.3,0.3,0.3,0.3,0.3,0.3,0.3,0.3,0.3,0.3,0.3,0.3,0.3,0.3,0.3,0.3,0.3,0.3,0.3',0,0,1,2500,9000,5000),
(113,'悟',2,100,1,10000.00,3,0,0,'1',1,0,8,2500,0,5000),
(114,'信',3,70,0,0.00,4,0,0,'1',0,1,11,2500,6000,1500),
(115,'信',3,80,0,0.00,4,0,0,'1',0,1,11,2500,7000,1750),
(116,'信',3,90,0,0.00,4,0,0,'1',0,1,11,2500,8000,2000),
(117,'信',3,100,0,0.00,4,0,0,'1',0,1,11,2500,9000,2250),
(118,'信',3,70,0,6000.00,5,8,0,'1',0,1,12,2500,0,1500),
(119,'信',3,80,0,7000.00,5,8,0,'1',0,1,12,2500,0,1750),
(120,'信',3,90,0,8000.00,5,8,0,'1',0,1,12,2500,0,2000),
(121,'信',3,100,0,9000.00,5,8,0,'1',0,1,12,2500,0,2250),
(122,'信',3,80,0,7000.00,5,256,0,'1',0,1,12,2500,0,1750),
(123,'信',3,90,0,8000.00,5,256,0,'1',0,1,12,2500,0,2000),
(124,'信',3,100,0,9000.00,5,256,0,'1',0,1,12,2500,0,2250),
(125,'信',3,80,0,7000.00,5,64,0,'1',0,1,12,2500,0,1750),
(126,'信',3,90,0,8000.00,5,64,0,'1',0,1,12,2500,0,2000),
(127,'信',3,100,0,9000.00,5,64,0,'1',0,1,12,2500,0,2250),
(128,'信',3,90,0,8000.00,5,4,0,'1',0,1,12,2500,0,3000),
(129,'信',3,100,0,9000.00,5,4,0,'1',0,1,12,2500,0,4000),
(130,'信',3,90,0,8000.00,5,2,0,'1',0,1,12,2500,0,3000),
(131,'信',3,100,0,9000.00,5,2,0,'1',0,1,12,2500,0,4000),
(132,'信',3,100,0,9000.00,5,334,0,'1',0,1,12,2500,0,5000),
(133,'信',3,100,0,9000.00,4,0,0,'1',0,1,13,2500,0,5000),
(134,'赤火神烬100',0,100,0,0.00,1,57,0,'0',0,0,0,2500,4827,6033),
(135,'南明离火110',0,110,0,0.00,1,5,0,'0',0,0,0,2500,5128,6410),
(136,'上清剑气110',0,110,0,0.00,1,7,0,'0',0,0,0,2500,5445,6806),
(137,'五雷正心诀110',0,110,0,0.00,1,6,0,'0',0,0,0,2500,5042,6302),
(138,'御剑真诀110',0,110,0,0.00,1,23,0,'0',0,0,0,2500,4828,6035),
(139,'无形剑110',0,110,0,0.00,1,24,0,'0',0,0,0,2500,5114,6392),
(140,'大道无常剑110',0,110,0,0.00,1,25,0,'0',0,0,0,2500,4749,5936),
(141,'心剑110',0,110,0,0.00,1,14,0,'0',0,0,0,2500,4138,5172),
(142,'普渡咒110',0,110,0,0.00,1,13,0,'0',0,0,0,2500,2723,3403),
(143,'甘露咒110',0,110,0,0.00,1,15,0,'0',0,0,0,2500,5196,6495),
(144,'萧风踏浪110',0,110,0,0.00,1,29,0,'0',0,0,0,2500,2225,2781),
(145,'墨家印记110',0,110,0,0.00,1,32,0,'0',0,0,0,2500,5081,6351),
(146,'魔龙剑舞110',0,110,0,0.00,1,30,0,'0',0,0,0,2500,4790,5987),
(147,'墨门传承110',0,110,0,0.00,1,33,0,'0',0,0,0,2500,5107,6383),
(148,'诸天心魔110',0,110,0,0.00,1,8,0,'0',0,0,0,2500,5437,6796),
(149,'逍遥剑110',0,110,0,0.00,1,26,0,'0',0,0,0,2500,5107,6383),
(150,'真·乾元指110',0,110,0,0.00,1,28,0,'0',0,0,0,2500,5672,7090),
(151,'凤舞九天110',0,110,0,0.00,1,31,0,'0',0,0,0,2500,4790,5987),
(152,'青莲剑歌110',0,110,0,0.00,1,9,0,'0',0,0,0,2500,6110,7637),
(153,'万剑诀110',0,110,0,0.00,1,27,0,'0',0,0,0,2500,934,1167),
(154,'普渡慈航110',0,110,0,0.00,1,18,0,'0',0,0,0,2500,5497,6871),
(155,'斗转星移110',0,110,0,0.00,1,34,0,'0',0,0,0,2500,5268,6585),
(156,'移形化影110',0,110,0,0.00,1,35,0,'0',0,0,0,2500,6153,7691),
(157,'赤火神烬110',0,110,0,0.00,1,57,0,'0',0,0,0,2500,6497,8121),
(158,'避火剑诀110',0,110,0,0.00,1,58,0,'0',0,0,0,2500,7399,9248),
(159,'噬魂劫阵110',0,110,0,0.00,1,59,0,'0',0,0,0,2500,7484,9355),
(160,'灵',1,110,0,0.00,2,0,0,'1',2,0,2,2500,30000,2250),
(161,'灵',1,110,1,0.00,2,0,0,'1',1,0,3,2500,9000,2250),
(162,'灵',1,110,9000,0.00,6,0,0,'1',1,0,4,2500,0,2250),
(163,'灵',1,110,9000,0.00,6,0,0,'1',1,0,5,2500,0,2250),
(164,'灵',1,110,1,0.00,2,0,0,'1',1,0,7,2500,7500,4000),
(165,'灵',1,110,0,0.00,2,0,0,'1',2,0,6,2500,7500,4000),
(166,'灵',1,110,1,10000.00,2,0,0,'1',1,0,8,2500,0,5000),
(167,'灵',1,110,0,0.00,2,0,0,'1',0,0,9,2500,100,5000),
(168,'悟',2,110,1,0.00,3,0,0,'1',0,0,1,2500,22000,2250),
(169,'悟',2,110,0,0.00,3,0,9,'1',2,0,10,2500,2500,2250),
(170,'悟',2,110,1,0.00,3,0,3,'1,0.8,0.6,0.4,0.2',0,0,1,2500,16000,2250),
(171,'悟',2,110,0,0.00,3,0,10,'1',2,0,10,2500,2500,2250),
(172,'悟',2,110,1,0.00,3,0,2,'1,0.8,0.6,0.4,0.2',0,0,1,2500,20000,4000),
(173,'悟',2,110,0,0.00,3,0,11,'1',2,0,10,2500,2500,4000),
(174,'悟',2,110,1,0.00,3,0,1,'1,0.8,0.6,0.5,0.4,0.3,0.3,0.3,0.3,0.3,0.3,0.3,0.3,0.3,0.3,0.3,0.3,0.3,0.3,0.3,0.3,0.3,0.3,0.3,0.3',0,0,1,2500,9000,5000),
(175,'悟',2,110,1,10000.00,3,0,0,'1',1,0,8,2500,0,5000),
(176,'信',3,110,0,0.00,4,0,0,'1',0,1,11,2500,9000,2250),
(177,'信',3,110,0,9000.00,5,8,0,'1',0,1,12,2500,0,2250),
(178,'信',3,110,0,9000.00,5,256,0,'1',0,1,12,2500,0,2250),
(179,'信',3,110,0,9000.00,5,64,0,'1',0,1,12,2500,0,2250),
(180,'信',3,100,0,9000.00,5,4,0,'1',0,1,12,2500,0,4000),
(181,'信',3,110,0,9000.00,5,2,0,'1',0,1,12,2500,0,4000),
(182,'信',3,110,0,9000.00,5,334,0,'1',0,1,12,2500,0,5000),
(183,'信',3,110,0,9000.00,4,0,0,'1',0,1,13,2500,0,5000),
(184,'南明离火110',0,120,0,0.00,1,5,0,'0',0,0,0,2500,6594,8242),
(185,'上清剑气110',0,120,0,0.00,1,7,0,'0',0,0,0,2500,7000,8750),
(186,'五雷正心诀110',0,120,0,0.00,1,6,0,'0',0,0,0,2500,6483,8103),
(187,'御剑真诀110',0,120,0,0.00,1,23,0,'0',0,0,0,2500,6208,7760),
(188,'无形剑110',0,120,0,0.00,1,24,0,'0',0,0,0,2500,6575,8218),
(189,'大道无常剑110',0,120,0,0.00,1,25,0,'0',0,0,0,2500,6106,7632),
(190,'心剑110',0,120,0,0.00,1,14,0,'0',0,0,0,2500,5320,6650),
(191,'普渡咒110',0,120,0,0.00,1,13,0,'0',0,0,0,2500,3501,4376),
(192,'甘露咒110',0,120,0,0.00,1,15,0,'0',0,0,0,2500,6680,8350),
(193,'萧风踏浪110',0,120,0,0.00,1,29,0,'0',0,0,0,2500,2860,3575),
(194,'墨家印记110',0,120,0,0.00,1,32,0,'0',0,0,0,2500,6533,8166),
(195,'魔龙剑舞110',0,120,0,0.00,1,30,0,'0',0,0,0,2500,6159,7698),
(196,'墨门传承110',0,120,0,0.00,1,33,0,'0',0,0,0,2500,6566,8207),
(197,'诸天心魔110',0,120,0,0.00,1,8,0,'0',0,0,0,2500,6990,8737),
(198,'逍遥剑110',0,120,0,0.00,1,26,0,'0',0,0,0,2500,6566,8207),
(199,'真·乾元指110',0,120,0,0.00,1,28,0,'0',0,0,0,2500,7293,9116),
(200,'凤舞九天110',0,120,0,0.00,1,31,0,'0',0,0,0,2500,6159,7698),
(201,'青莲剑歌110',0,120,0,0.00,1,9,0,'0',0,0,0,2500,7855,9818),
(202,'万剑诀110',0,120,0,0.00,1,27,0,'0',0,0,0,2500,1201,1501),
(203,'普渡慈航110',0,120,0,0.00,1,18,0,'0',0,0,0,2500,7068,8835),
(204,'斗转星移110',0,120,0,0.00,1,34,0,'0',0,0,0,2500,6774,8467),
(205,'移形化影110',0,120,0,0.00,1,35,0,'0',0,0,0,2500,7911,9888),
(206,'赤火神烬110',0,120,0,0.00,1,57,0,'0',0,0,0,2500,8354,10442),
(207,'避火剑诀110',0,120,0,0.00,1,58,0,'0',0,0,0,2500,9514,11892),
(208,'噬魂劫阵110',0,120,0,0.00,1,59,0,'0',0,0,0,2500,9623,12028),
(209,'灵',1,120,0,0.00,2,0,0,'1',2,0,2,2500,30000,2250),
(210,'灵',1,120,1,0.00,2,0,0,'1',1,0,3,2500,9000,2250),
(211,'灵',1,120,9000,0.00,6,0,0,'1',1,0,4,2500,0,2250),
(212,'灵',1,120,9000,0.00,6,0,0,'1',1,0,5,2500,0,2250),
(213,'灵',1,120,1,0.00,2,0,0,'1',1,0,7,2500,7500,4000),
(214,'灵',1,120,0,0.00,2,0,0,'1',2,0,6,2500,7500,4000),
(215,'灵',1,120,1,10000.00,2,0,0,'1',1,0,8,2500,0,5000),
(216,'灵',1,120,0,0.00,2,0,0,'1',0,0,9,2500,100,5000),
(217,'悟',2,120,1,0.00,3,0,0,'1',0,0,1,2500,22000,2250),
(218,'悟',2,120,0,0.00,3,0,9,'1',2,0,10,2500,2500,2250),
(219,'悟',2,120,1,0.00,3,0,3,'1,0.8,0.6,0.4,0.2',0,0,1,2500,16000,2250),
(220,'悟',2,120,0,0.00,3,0,10,'1',2,0,10,2500,2500,2250),
(221,'悟',2,120,1,0.00,3,0,2,'1,0.8,0.6,0.4,0.2',0,0,1,2500,20000,4000),
(222,'悟',2,120,0,0.00,3,0,11,'1',2,0,10,2500,2500,4000),
(223,'悟',2,120,1,0.00,3,0,1,'1,0.8,0.6,0.5,0.4,0.3,0.3,0.3,0.3,0.3,0.3,0.3,0.3,0.3,0.3,0.3,0.3,0.3,0.3,0.3,0.3,0.3,0.3,0.3,0.3',0,0,1,2500,9000,5000),
(224,'悟',2,120,1,10000.00,3,0,0,'1',1,0,8,2500,0,5000),
(225,'信',3,120,0,0.00,4,0,0,'1',0,1,11,2500,9000,2250),
(226,'信',3,120,0,9000.00,5,8,0,'1',0,1,12,2500,0,2250),
(227,'信',3,120,0,9000.00,5,256,0,'1',0,1,12,2500,0,2250),
(228,'信',3,120,0,9000.00,5,64,0,'1',0,1,12,2500,0,2250),
(229,'信',3,120,0,9000.00,5,4,0,'1',0,1,12,2500,0,4000),
(230,'信',3,120,0,9000.00,5,2,0,'1',0,1,12,2500,0,4000),
(231,'信',3,120,0,9000.00,5,334,0,'1',0,1,12,2500,0,5000),
(232,'信',3,120,0,9000.00,4,0,0,'1',0,1,13,2500,0,5000);
