INSERT INTO `lingbaoLevel` VALUES
(101,554,1,6.00,10000,1,200),
(102,554,1,12.00,10000,1,200),
(103,554,2,18.00,10000,1,200),
(104,554,2,24.00,6000,1,200),
(105,554,3,30.00,4000,1,200),
(106,554,3,36.00,3000,1,200),
(107,554,4,42.00,2000,1,200),
(108,554,4,48.00,1000,1,200),
(109,554,5,54.00,1000,1,200),
(110,554,5,60.00,1000,1,200),
(201,554,1,6.00,10000,1,200),
(202,554,1,12.00,10000,1,200),
(203,554,2,18.00,10000,1,200),
(204,554,2,24.00,6000,1,200),
(205,554,3,30.00,4000,1,200),
(206,554,3,36.00,3000,1,200),
(207,554,4,42.00,2000,1,200),
(208,554,4,48.00,1000,1,200),
(209,554,5,54.00,1000,1,200),
(210,554,5,60.00,1000,1,200),
(301,554,1,6.00,10000,1,200),
(302,554,1,12.00,10000,1,200),
(303,554,2,18.00,10000,1,200),
(304,554,2,24.00,6000,1,200),
(305,554,3,30.00,4000,1,200),
(306,554,3,36.00,3000,1,200),
(307,554,4,42.00,2000,1,200),
(308,554,4,48.00,1000,1,200),
(309,554,5,54.00,1000,1,200),
(310,554,5,60.00,1000,1,200);
