INSERT INTO `lingshi_upgrade` VALUES
(0,0,0),
(1,101,10),
(2,105,10000),
(3,109,32000),
(4,113,58000),
(5,117,94000),
(6,121,138000),
(7,125,190000),
(8,129,250000),
(9,133,317000),
(10,137,391000),
(11,141,472000),
(12,145,560000),
(13,149,655000),
(14,153,757000),
(15,157,866000),
(16,161,981000),
(17,165,1102000),
(18,169,1229000),
(19,173,1362000),
(20,177,1501000),
(21,181,1646000),
(22,185,1797000),
(23,189,1954000),
(24,193,2117000),
(25,197,2286000),
(26,201,2461000),
(27,205,2642000),
(28,209,2829000),
(29,213,3022000),
(30,217,3221000),
(31,221,3426000),
(32,225,3636000),
(33,229,3851000),
(34,233,4071000),
(35,237,4296000),
(36,241,4526000),
(37,245,4761000),
(38,249,5001000),
(39,253,5246000),
(40,257,5496000),
(41,261,5751000),
(42,265,6011000),
(43,269,6276000),
(44,273,6546000),
(45,277,6821000),
(46,281,7100000),
(47,285,7383000),
(48,289,7670000),
(49,293,7961000),
(50,297,8256000),
(51,301,8555000),
(52,305,8858000),
(53,309,9165000),
(54,313,9476000),
(55,317,9791000),
(56,321,10110000),
(57,325,10432000),
(58,329,10757000),
(59,333,11085000),
(60,337,11416000),
(61,341,11750000),
(62,345,12087000),
(63,349,12427000),
(64,353,12770000),
(65,357,13116000),
(66,361,13465000),
(67,365,13816000),
(68,369,14169000),
(69,373,14524000),
(70,377,14881000),
(71,381,15240000),
(72,385,15601000),
(73,389,15964000),
(74,393,16329000),
(75,397,16696000),
(76,401,17064000),
(77,405,17433000),
(78,409,17803000),
(79,413,18174000),
(80,417,18546000),
(81,421,18919000),
(82,425,19293000),
(83,429,19668000),
(84,433,20044000),
(85,437,20421000),
(86,441,20799000),
(87,445,21178000),
(88,449,21558000),
(89,453,21939000),
(90,457,22321000),
(91,461,22704000),
(92,465,23088000),
(93,469,23473000),
(94,473,23859000),
(95,477,24246000),
(96,481,24634000),
(97,485,25023000),
(98,489,25413000),
(99,493,25804000),
(100,497,26196000);
