INSERT INTO `lingshi_level` VALUES
(0,0,0,0,0,0,0.000000,0.000000,0.000000,0.000000),
(1,10,4,0,0,0,3.500000,3.500000,6.000000,2.000000),
(2,20,13,0,0,0,6.000000,6.000000,11.000000,4.000000),
(3,30,28,0,0,0,8.500000,8.500000,16.000000,5.000000),
(4,40,52,0,0,0,11.000000,11.000000,21.000000,7.000000),
(5,50,84,0,0,0,13.500000,13.500000,26.000000,8.000000),
(6,60,126,0,0,0,16.000000,16.000000,31.000000,10.000000),
(7,70,179,0,0,0,18.500000,18.500000,36.000000,11.000000),
(8,80,244,0,0,0,21.000000,21.000000,41.000000,13.000000),
(9,90,324,1,10,100,23.500000,23.500000,46.000000,14.000000),
(10,100,418,0,0,0,53.500000,53.500000,106.000000,23.000000),
(11,110,528,0,0,0,58.500000,58.500000,116.000000,25.000000),
(12,120,655,0,0,0,63.500000,63.500000,126.000000,26.000000),
(13,130,800,0,0,0,68.500000,68.500000,136.000000,28.000000),
(14,140,966,0,0,0,73.500000,73.500000,146.000000,29.000000),
(15,150,1152,0,0,0,78.500000,78.500000,156.000000,31.000000),
(16,160,1360,0,0,0,83.500000,83.500000,166.000000,32.000000),
(17,170,1591,0,0,0,88.500000,88.500000,176.000000,34.000000),
(18,180,1846,0,0,0,93.500000,93.500000,186.000000,35.000000),
(19,190,2128,1,15,150,98.500000,98.500000,196.000000,37.000000),
(20,200,2436,0,0,0,143.500000,143.500000,286.000000,46.000000),
(21,210,2772,0,0,0,151.000000,151.000000,301.000000,47.000000),
(22,220,3137,0,0,0,158.500000,158.500000,316.000000,49.000000),
(23,230,3532,0,0,0,166.000000,166.000000,331.000000,50.000000),
(24,240,3960,0,0,0,173.500000,173.500000,346.000000,52.000000),
(25,250,4420,0,0,0,181.000000,181.000000,361.000000,53.000000),
(26,260,4914,0,0,0,188.500000,188.500000,376.000000,55.000000),
(27,270,5443,0,0,0,196.000000,196.000000,391.000000,56.000000),
(28,280,6008,0,0,0,203.500000,203.500000,406.000000,58.000000),
(29,290,6612,1,20,200,211.000000,211.000000,421.000000,59.000000),
(30,300,7254,0,0,0,271.000000,271.000000,541.000000,68.000000),
(31,310,7936,0,0,0,281.000000,281.000000,561.000000,70.000000),
(32,320,8659,0,0,0,291.000000,291.000000,581.000000,71.000000),
(33,330,9424,0,0,0,301.000000,301.000000,601.000000,73.000000),
(34,340,10234,0,0,0,311.000000,311.000000,621.000000,74.000000),
(35,350,11088,0,0,0,321.000000,321.000000,641.000000,76.000000),
(36,360,11988,0,0,0,331.000000,331.000000,661.000000,77.000000),
(37,370,12935,0,0,0,341.000000,341.000000,681.000000,79.000000),
(38,380,13930,0,0,0,351.000000,351.000000,701.000000,80.000000),
(39,390,14976,1,25,250,361.000000,361.000000,721.000000,82.000000),
(40,400,16072,0,0,0,436.000000,436.000000,871.000000,91.000000),
(41,410,17220,0,0,0,448.500000,448.500000,896.000000,92.000000),
(42,420,18421,0,0,0,461.000000,461.000000,921.000000,94.000000),
(43,430,19676,0,0,0,473.500000,473.500000,946.000000,95.000000),
(44,440,20988,0,0,0,486.000000,486.000000,971.000000,97.000000),
(45,450,22356,0,0,0,498.500000,498.500000,996.000000,98.000000),
(46,460,23782,0,0,0,511.000000,511.000000,1021.000000,100.000000),
(47,470,25267,0,0,0,523.500000,523.500000,1046.000000,101.000000),
(48,480,26812,0,0,0,536.000000,536.000000,1071.000000,103.000000),
(49,490,28420,1,30,300,548.500000,548.500000,1096.000000,104.000000),
(50,500,30090,0,0,0,638.500000,638.500000,1276.000000,113.000000),
(51,510,31824,0,0,0,653.500000,653.500000,1306.000000,115.000000),
(52,520,33623,0,0,0,668.500000,668.500000,1336.000000,116.000000),
(53,530,35488,0,0,0,683.500000,683.500000,1366.000000,118.000000),
(54,540,37422,0,0,0,698.500000,698.500000,1396.000000,119.000000),
(55,550,39424,0,0,0,713.500000,713.500000,1426.000000,121.000000),
(56,560,41496,0,0,0,728.500000,728.500000,1456.000000,122.000000),
(57,570,43639,0,0,0,743.500000,743.500000,1486.000000,124.000000),
(58,580,45854,0,0,0,758.500000,758.500000,1516.000000,125.000000),
(59,590,48144,1,35,350,773.500000,773.500000,1546.000000,127.000000),
(60,600,50508,0,0,0,878.500000,878.500000,1756.000000,136.000000),
(61,610,52948,0,0,0,896.000000,896.000000,1791.000000,137.000000),
(62,620,55465,0,0,0,913.500000,913.500000,1826.000000,139.000000),
(63,630,58060,0,0,0,931.000000,931.000000,1861.000000,140.000000),
(64,640,60736,0,0,0,948.500000,948.500000,1896.000000,142.000000),
(65,650,63492,0,0,0,966.000000,966.000000,1931.000000,143.000000),
(66,660,66330,0,0,0,983.500000,983.500000,1966.000000,145.000000),
(67,670,69251,0,0,0,1001.000000,1001.000000,2001.000000,146.000000),
(68,680,72256,0,0,0,1018.500000,1018.500000,2036.000000,148.000000),
(69,690,75348,1,40,400,1036.000000,1036.000000,2071.000000,149.000000),
(70,700,78526,0,0,0,1156.000000,1156.000000,2311.000000,158.000000),
(71,710,81792,0,0,0,1176.000000,1176.000000,2351.000000,160.000000),
(72,720,85147,0,0,0,1196.000000,1196.000000,2391.000000,161.000000),
(73,730,88592,0,0,0,1216.000000,1216.000000,2431.000000,163.000000),
(74,740,92130,0,0,0,1236.000000,1236.000000,2471.000000,164.000000),
(75,750,95760,0,0,0,1256.000000,1256.000000,2511.000000,166.000000),
(76,760,99484,0,0,0,1276.000000,1276.000000,2551.000000,167.000000),
(77,770,103303,0,0,0,1296.000000,1296.000000,2591.000000,169.000000),
(78,780,107218,0,0,0,1316.000000,1316.000000,2631.000000,170.000000),
(79,790,111232,1,45,450,1336.000000,1336.000000,2671.000000,172.000000),
(80,800,115344,0,0,0,1471.000000,1471.000000,2941.000000,181.000000),
(81,810,119556,0,0,0,1493.500000,1493.500000,2986.000000,182.000000),
(82,820,123842,0,0,0,1516.000000,1516.000000,3031.000000,184.000000),
(83,830,128205,0,0,0,1538.500000,1538.500000,3076.000000,185.000000),
(84,840,132643,0,0,0,1561.000000,1561.000000,3121.000000,187.000000),
(85,850,137159,0,0,0,1583.500000,1583.500000,3166.000000,188.000000),
(86,860,141751,0,0,0,1606.000000,1606.000000,3211.000000,190.000000),
(87,870,146421,0,0,0,1628.500000,1628.500000,3256.000000,191.000000),
(88,880,151170,0,0,0,1651.000000,1651.000000,3301.000000,193.000000),
(89,890,155998,1,50,500,1673.500000,1673.500000,3346.000000,194.000000),
(90,900,160906,0,0,0,1823.500000,1823.500000,3646.000000,203.000000),
(91,910,165894,0,0,0,1848.500000,1848.500000,3696.000000,205.000000),
(92,920,170963,0,0,0,1873.500000,1873.500000,3746.000000,206.000000),
(93,930,176113,0,0,0,1898.500000,1898.500000,3796.000000,208.000000),
(94,940,181346,0,0,0,1923.500000,1923.500000,3846.000000,209.000000),
(95,950,186661,0,0,0,1948.500000,1948.500000,3896.000000,211.000000),
(96,960,192060,0,0,0,1973.500000,1973.500000,3946.000000,212.000000),
(97,970,197542,0,0,0,1998.500000,1998.500000,3996.000000,214.000000),
(98,980,203109,0,0,0,2023.500000,2023.500000,4046.000000,215.000000),
(99,990,208761,1,55,550,2048.500000,2048.500000,4096.000000,217.000000),
(100,1000,214499,0,0,0,2213.500000,2213.500000,4426.000000,226.000000),
(101,1010,220323,0,0,0,2241.000000,2241.000000,4481.000000,227.000000),
(102,1020,226233,0,0,0,2268.500000,2268.500000,4536.000000,229.000000),
(103,1030,232232,0,0,0,2296.000000,2296.000000,4591.000000,230.000000),
(104,1040,238318,0,0,0,2323.500000,2323.500000,4646.000000,232.000000),
(105,1050,244494,0,0,0,2351.000000,2351.000000,4701.000000,233.000000),
(106,1060,250758,0,0,0,2378.500000,2378.500000,4756.000000,235.000000),
(107,1070,257112,0,0,0,2406.000000,2406.000000,4811.000000,236.000000),
(108,1080,263557,0,0,0,2433.500000,2433.500000,4866.000000,238.000000),
(109,1090,270093,1,60,600,2461.000000,2461.000000,4921.000000,239.000000),
(110,1100,276721,0,0,0,2641.000000,2641.000000,5281.000000,248.000000),
(111,1110,283441,0,0,0,2671.000000,2671.000000,5341.000000,250.000000),
(112,1120,290254,0,0,0,2701.000000,2701.000000,5401.000000,251.000000),
(113,1130,297160,0,0,0,2731.000000,2731.000000,5461.000000,253.000000),
(114,1140,304161,0,0,0,2761.000000,2761.000000,5521.000000,254.000000),
(115,1150,311256,0,0,0,2791.000000,2791.000000,5581.000000,256.000000),
(116,1160,318447,0,0,0,2821.000000,2821.000000,5641.000000,257.000000),
(117,1170,325733,0,0,0,2851.000000,2851.000000,5701.000000,259.000000),
(118,1180,333116,0,0,0,2881.000000,2881.000000,5761.000000,260.000000),
(119,1190,340596,1,65,650,2911.000000,2911.000000,5821.000000,262.000000),
(120,1200,348174,0,0,0,3106.000000,3106.000000,6211.000000,271.000000),
(121,1210,355850,0,0,0,3138.500000,3138.500000,6276.000000,272.000000),
(122,1220,363624,0,0,0,3171.000000,3171.000000,6341.000000,274.000000),
(123,1230,371499,0,0,0,3203.500000,3203.500000,6406.000000,275.000000),
(124,1240,379473,0,0,0,3236.000000,3236.000000,6471.000000,277.000000),
(125,1250,387549,0,0,0,3268.500000,3268.500000,6536.000000,278.000000),
(126,1260,395725,0,0,0,3301.000000,3301.000000,6601.000000,280.000000),
(127,1270,404003,0,0,0,3333.500000,3333.500000,6666.000000,281.000000),
(128,1280,412384,0,0,0,3366.000000,3366.000000,6731.000000,283.000000),
(129,1290,420868,1,70,700,3398.500000,3398.500000,6796.000000,284.000000),
(130,1300,429456,0,0,0,3608.500000,3608.500000,7216.000000,293.000000),
(131,1310,438148,0,0,0,3643.500000,3643.500000,7286.000000,295.000000),
(132,1320,446945,0,0,0,3678.500000,3678.500000,7356.000000,296.000000),
(133,1330,455847,0,0,0,3713.500000,3713.500000,7426.000000,298.000000),
(134,1340,464856,0,0,0,3748.500000,3748.500000,7496.000000,299.000000),
(135,1350,473971,0,0,0,3783.500000,3783.500000,7566.000000,301.000000),
(136,1360,483194,0,0,0,3818.500000,3818.500000,7636.000000,302.000000),
(137,1370,492524,0,0,0,3853.500000,3853.500000,7706.000000,304.000000),
(138,1380,501963,0,0,0,3888.500000,3888.500000,7776.000000,305.000000),
(139,1390,511511,1,75,750,3923.500000,3923.500000,7846.000000,307.000000),
(140,1400,521169,0,0,0,4148.500000,4148.500000,8296.000000,316.000000),
(141,1410,530937,0,0,0,4186.000000,4186.000000,8371.000000,317.000000),
(142,1420,540815,0,0,0,4223.500000,4223.500000,8446.000000,319.000000),
(143,1430,550806,0,0,0,4261.000000,4261.000000,8521.000000,320.000000),
(144,1440,560908,0,0,0,4298.500000,4298.500000,8596.000000,322.000000),
(145,1450,571124,0,0,0,4336.000000,4336.000000,8671.000000,323.000000),
(146,1460,581452,0,0,0,4373.500000,4373.500000,8746.000000,325.000000),
(147,1470,591894,0,0,0,4411.000000,4411.000000,8821.000000,326.000000),
(148,1480,602451,0,0,0,4448.500000,4448.500000,8896.000000,328.000000),
(149,1490,613123,1,80,800,4486.000000,4486.000000,8971.000000,329.000000),
(150,1500,623911,0,0,0,4726.000000,4726.000000,9451.000000,338.000000),
(151,1510,634815,0,0,0,4766.000000,4766.000000,9531.000000,340.000000),
(152,1520,645836,0,0,0,4806.000000,4806.000000,9611.000000,341.000000),
(153,1530,656974,0,0,0,4846.000000,4846.000000,9691.000000,343.000000),
(154,1540,668231,0,0,0,4886.000000,4886.000000,9771.000000,344.000000),
(155,1550,679606,0,0,0,4926.000000,4926.000000,9851.000000,346.000000),
(156,1560,691101,0,0,0,4966.000000,4966.000000,9931.000000,347.000000),
(157,1570,702715,0,0,0,5006.000000,5006.000000,10011.000000,349.000000),
(158,1580,714450,0,0,0,5046.000000,5046.000000,10091.000000,350.000000),
(159,1590,726306,1,85,850,5086.000000,5086.000000,10171.000000,352.000000),
(160,1600,738284,0,0,0,5341.000000,5341.000000,10681.000000,361.000000),
(161,1610,750384,0,0,0,5383.500000,5383.500000,10766.000000,362.000000),
(162,1620,762606,0,0,0,5426.000000,5426.000000,10851.000000,364.000000),
(163,1630,774953,0,0,0,5468.500000,5468.500000,10936.000000,365.000000),
(164,1640,787423,0,0,0,5511.000000,5511.000000,11021.000000,367.000000),
(165,1650,800019,0,0,0,5553.500000,5553.500000,11106.000000,368.000000),
(166,1660,812739,0,0,0,5596.000000,5596.000000,11191.000000,370.000000),
(167,1670,825585,0,0,0,5638.500000,5638.500000,11276.000000,371.000000),
(168,1680,838558,0,0,0,5681.000000,5681.000000,11361.000000,373.000000),
(169,1690,851658,1,90,900,5723.500000,5723.500000,11446.000000,374.000000),
(170,1700,864886,0,0,0,5993.500000,5993.500000,11986.000000,383.000000),
(171,1710,878242,0,0,0,6038.500000,6038.500000,12076.000000,385.000000),
(172,1720,891727,0,0,0,6083.500000,6083.500000,12166.000000,386.000000),
(173,1730,905341,0,0,0,6128.500000,6128.500000,12256.000000,388.000000),
(174,1740,919086,0,0,0,6173.500000,6173.500000,12346.000000,389.000000),
(175,1750,932961,0,0,0,6218.500000,6218.500000,12436.000000,391.000000),
(176,1760,946968,0,0,0,6263.500000,6263.500000,12526.000000,392.000000),
(177,1770,961106,0,0,0,6308.500000,6308.500000,12616.000000,394.000000),
(178,1780,975377,0,0,0,6353.500000,6353.500000,12706.000000,395.000000),
(179,1790,989781,1,95,950,6398.500000,6398.500000,12796.000000,397.000000),
(180,1800,1004319,0,0,0,6683.500000,6683.500000,13366.000000,406.000000),
(181,1810,1018991,0,0,0,6731.000000,6731.000000,13461.000000,407.000000),
(182,1820,1033797,0,0,0,6778.500000,6778.500000,13556.000000,409.000000),
(183,1830,1048740,0,0,0,6826.000000,6826.000000,13651.000000,410.000000),
(184,1840,1063818,0,0,0,6873.500000,6873.500000,13746.000000,412.000000),
(185,1850,1079034,0,0,0,6921.000000,6921.000000,13841.000000,413.000000),
(186,1860,1094386,0,0,0,6968.500000,6968.500000,13936.000000,415.000000),
(187,1870,1109876,0,0,0,7016.000000,7016.000000,14031.000000,416.000000),
(188,1880,1125505,0,0,0,7063.500000,7063.500000,14126.000000,418.000000),
(189,1890,1141273,1,100,1000,7111.000000,7111.000000,14221.000000,419.000000),
(190,1900,1157181,0,0,0,7411.000000,7411.000000,14821.000000,428.000000),
(191,1910,1173229,0,0,0,7461.000000,7461.000000,14921.000000,430.000000),
(192,1920,1189418,0,0,0,7511.000000,7511.000000,15021.000000,431.000000),
(193,1930,1205748,0,0,0,7561.000000,7561.000000,15121.000000,433.000000),
(194,1940,1222221,0,0,0,7611.000000,7611.000000,15221.000000,434.000000),
(195,1950,1238836,0,0,0,7661.000000,7661.000000,15321.000000,436.000000),
(196,1960,1255595,0,0,0,7711.000000,7711.000000,15421.000000,437.000000),
(197,1970,1272497,0,0,0,7761.000000,7761.000000,15521.000000,439.000000),
(198,1980,1289544,0,0,0,7811.000000,7811.000000,15621.000000,440.000000),
(199,1990,1306736,1,105,1050,7861.000000,7861.000000,15721.000000,442.000000),
(200,2000,1324074,0,0,0,8176.000000,8176.000000,16351.000000,451.000000);
