INSERT INTO `loot` VALUES
(10001,'2008,125|2009,125|2010,125|2011,125|2012,125|2013,125|2014,125|2015,125',1),
(10002,'2016,63|2017,63|2018,63|2019,63|2020,63|2021,63|2022,63|2023,63',1),
(10003,'2024,20|2025,20|2026,20|2027,20|2028,20|2029,20|2030,20|2031,20',1),
(10004,'2032,20|2033,20|2034,20|2035,20|2036,20|2037,20|2038,20|2039,20',1),
(10005,'2040,20|2041,20|2042,20|2043,20|2044,20|2045,20|2046,20|2047,20',1),
(10006,'2048,15|2049,15|2050,15|2051,15|2052,15|2053,15|2054,15|2055,15',1),
(10007,'2056,15|2057,15|2058,15|2059,15|2060,15|2061,15|2062,15|2063,15',1),
(10008,'2064,15|2065,15|2066,15|2067,15|2068,15|2069,15|2070,15|2071,15',1),
(10009,'2072,10|2073,10|2074,10|2075,10|2076,10|2077,10|2078,10|2079,10',1),
(10010,'2080,10|2081,10|2082,10|2083,10|2084,10|2085,10|2086,10|2087,10',1),
(10011,'2088,10|2089,10|2090,10|2091,10|2092,10|2093,10|2094,10|2095,10',1),
(10012,'2096,5|2097,5|2098,5|2099,5|2100,5|2101,5|2102,5|2103,5',1),
(10013,'2104,5|2105,5|2106,5|2107,5|2108,5|2109,5|2110,5|2111,5',1),
(10014,'2112,5|2113,5|2114,5|2115,5|2116,5|2117,5|2118,5|2119,5',1),
(10015,'2120,3|2121,3|2122,3|2123,3|2124,3|2125,3|2126,3|2127,3',1),
(10016,'2128,3|2129,3|2130,3|2131,3|2132,3|2133,3|2134,3|2135,3',1),
(10017,'2136,3|2137,3|2138,3|2139,3|2140,3|2141,3|2142,3|2143,3',1),
(10018,'2144,2|2145,2|2146,2|2147,2|2148,2|2149,2|2150,2|2151,2',1),
(10019,'2152,2|2153,2|2154,2|2155,2|2156,2|2157,2|2158,2|2159,2',1),
(10020,'2160,2|2161,2|2162,2|2163,2|2164,2|2165,2|2166,2|2167,2',1),
(10021,'2168,1|2169,1|2170,1|2171,1|2172,1|2173,1|2174,1|2175,1',1),
(10022,'2176,1|2177,1|2178,1|2179,1|2180,1|2181,1|2182,1|2183,1',1),
(10023,'2184,1|2185,1|2186,1|2187,1|2188,1|2189,1|2190,1|2191,1',1),
(10024,'2192,88|2193,88|2194,88|2195,88|2196,88|2197,88|2198,88|2199,88',1),
(10025,'2200,44|2201,44|2202,44|2203,44|2204,44|2205,44|2206,44|2207,44',1),
(10026,'2208,10|2209,10|2210,10|2211,10|2212,10|2213,10|2214,10|2215,10',1),
(10027,'2216,10|2217,10|2218,10|2219,10|2220,10|2221,10|2222,10|2223,10',1),
(10028,'2224,10|2225,10|2226,10|2227,10|2228,10|2229,10|2230,10|2231,10',1),
(10029,'2232,8|2233,8|2234,8|2235,8|2236,8|2237,8|2238,8|2239,8',1),
(10030,'2240,8|2241,8|2242,8|2243,8|2244,8|2245,8|2246,8|2247,8',1),
(10031,'2248,8|2249,8|2250,8|2251,8|2252,8|2253,8|2254,8|2255,8',1),
(10032,'2256,6|2257,6|2258,6|2259,6|2260,6|2261,6|2262,6|2263,6',1),
(10033,'2264,6|2265,6|2266,6|2267,6|2268,6|2269,6|2270,6|2271,6',1),
(10034,'2272,6|2273,6|2274,6|2275,6|2276,6|2277,6|2278,6|2279,6',1),
(10035,'2280,4|2281,4|2282,4|2283,4|2284,4|2285,4|2286,4|2287,4',1),
(10036,'2288,4|2289,4|2290,4|2291,4|2292,4|2293,4|2294,4|2295,4',1),
(10037,'2296,4|2297,4|2298,4|2299,4|2300,4|2301,4|2302,4|2303,4',1),
(10038,'2304,2|2305,2|2306,2|2307,2|2308,2|2309,2|2310,2|2311,2',1),
(10039,'2312,2|2313,2|2314,2|2315,2|2316,2|2317,2|2318,2|2319,2',1),
(10040,'2320,2|2321,2|2322,2|2323,2|2324,2|2325,2|2326,2|2327,2',1),
(10041,'2328,1|2329,1|2330,1|2331,1|2332,1|2333,1|2334,1|2335,1',1),
(10042,'2336,1|2337,1|2338,1|2339,1|2340,1|2341,1|2342,1|2343,1',1),
(10043,'2344,1|2345,1|2346,1|2347,1|2348,1|2349,1|2350,1|2351,1',1),
(10044,'2352,1|2353,1|2354,1|2355,1|2356,1|2357,1|2358,1|2359,1',1),
(10045,'2360,1|2361,1|2362,1|2363,1|2364,1|2365,1|2366,1|2367,1',1),
(10046,'2368,1|2369,1|2370,1|2371,1|2372,1|2373,1|2374,1|2375,1',1),
(10047,'48,200|49,200|50,200|51,200',1),
(10048,'15,500|55,500|57,500|504,400|510,300',1),
(10049,'2024,100|2025,100|2026,100|2027,100|2028,100|2029,100|2030,100|2031,100|2032,100|2033,100|2034,100|2035,100|2036,100|2037,100|2038,100|2039,100|2040,100|2041,100|2042,100|2043,100|2044,100|2045,100|2046,100|2047,100',1),
(10050,'2048,75|2049,75|2050,75|2051,75|2052,75|2053,75|2054,75|2055,75|2056,75|2057,75|2058,75|2059,75|2060,75|2061,75|2062,75|2063,75|2064,75|2065,75|2066,75|2067,75|2068,75|2069,75|2070,75|2071,75',1),
(10051,'2208,85|2209,85|2210,85|2211,85|2212,85|2213,85|2214,85|2215,85|2216,85|2217,85|2218,85|2219,85|2220,85|2221,85|2222,85|2223,85|2224,85|2225,85|2226,85|2227,85|2228,85|2229,85|2230,85|2231,85',1),
(10052,'2232,2233,2234,2235,2236,2237,2238,2239,2240,2241,2242,2243,2244,2245,2246,2247,2248,2249,2250,2251,2252,2253,2254,2255',0),
(10053,'2376,2377,2378,2379,2380,2381,2382,2383,2384,2385,2386,2387,2388,2389,2390,2391,2392,2393,2394,2395,2396,2397,2398,2399',0),
(10054,'5001,50|5011,50|5021,50|5031,50|5041,50|5051,50|5061,50|5071,50|5081,50|5091,50|5101,50|5111,50|5121,50|5131,50|5141,50',1),
(10055,'5002,5012,5022,5032,5042,5052,5062,5072,5082,5092,5102,5112,5122,5132,5142',0),
(50000,'2048,2049,2050,2051,2052,2053,2054,2055,2056,2057,2058,2059,2060,2061,2062,2063,2064,2065,2066,2067,2068,2069,2070,2071',0),
(50001,'2232,2233,2234,2235,2236,2237,2238,2239,2240,2241,2242,2243,2244,2245,2246,2247,2248,2249,2250,2251,2252,2253,2254,2255',0),
(50002,'48,51',0),
(50003,'48,90',0),
(50004,'15',0),
(50005,'50004,10000,2',1),
(50006,'65',0),
(50007,'50006,10000,2',0),
(50008,'55,57',0),
(50009,'50008,10000,2',1),
(50010,'56,58',0),
(50011,'50010,10000,2',1),
(50012,'510',0),
(50013,'511',0),
(50014,'50028,5000,2|50029,5000,2',1),
(50015,'50030,5000,5|50031,5000,2',1),
(50016,'5001,5011,5021,5031,5041,5051,5061,5071,5081,5091,5101,5111,5121,5131,5141',0),
(50017,'5002,5012,5022,5032,5042,5052,5062,5072,5082,5092,5102,5112,5122,5132,5142',0),
(50018,'5003,5013,5023,5033,5043,5053,5063,5073,5083,5093,5103,5113,5123,5133,5143',0),
(50019,'5004,5014,5024,5034,5044,5054,5064,5074,5084,5094,5104,5114,5124,5134,5144',0),
(50020,'507,509',0),
(50021,'50020,10000,2',1),
(50022,'50020,10000,3',1),
(50023,'508,510',0),
(50024,'52',0),
(50025,'66',0),
(50026,'53',0),
(50027,'43',0),
(50028,'500',0),
(50029,'514',0),
(50030,'503',0),
(50031,'515',0),
(9,'9',0),
(15,'15',0),
(47,'47',0),
(48,'48',0),
(49,'49',0),
(50,'50',0),
(51,'51',0),
(55,'55',0),
(57,'57',0),
(504,'504',0),
(510,'510',0),
(1012,'1012',0),
(1013,'1013',0),
(1014,'1014',0),
(1015,'1015',0),
(1016,'1016',0),
(1017,'1017',0),
(1018,'1018',0),
(1019,'1019',0),
(1020,'1020',0),
(1021,'1021',0),
(1022,'1022',0),
(1023,'1023',0),
(1024,'1024',0),
(1025,'1025',0),
(1026,'1026',0),
(1027,'1027',0),
(1028,'1028',0),
(1029,'1029',0),
(1030,'1030',0),
(1031,'1031',0),
(1032,'1032',0),
(1033,'1033',0),
(1034,'1034',0),
(1035,'1035',0),
(1036,'1036',0),
(1037,'1037',0),
(1038,'1038',0),
(1039,'1039',0),
(1040,'1040',0),
(1041,'1041',0),
(1042,'1042',0),
(1043,'1043',0),
(1044,'1044',0),
(1045,'1045',0),
(1046,'1046',0),
(1047,'1047',0),
(1048,'1048',0),
(1049,'1049',0),
(1050,'1050',0),
(1051,'1051',0),
(1052,'1052',0),
(1053,'1053',0),
(1054,'1054',0),
(1055,'1055',0),
(1056,'1056',0),
(1057,'1057',0),
(1058,'1058',0),
(1059,'1059',0),
(1060,'1060',0),
(1061,'1061',0),
(1062,'1062',0),
(1063,'1063',0),
(1064,'1064',0),
(1065,'1065',0),
(1066,'1066',0),
(1067,'1067',0),
(1068,'1068',0),
(1069,'1069',0),
(1070,'1070',0),
(1071,'1071',0),
(1072,'1072',0),
(1073,'1073',0),
(1074,'1074',0),
(1075,'1075',0),
(1076,'1076',0),
(1077,'1077',0),
(1078,'1078',0),
(1079,'1079',0),
(1080,'1080',0),
(1081,'1081',0),
(1082,'1082',0),
(1083,'1083',0),
(1084,'1084',0),
(1085,'1085',0),
(1086,'1086',0),
(1087,'1087',0),
(1088,'1088',0),
(1089,'1089',0),
(1090,'1090',0),
(1091,'1091',0),
(1092,'1092',0),
(1093,'1093',0),
(1094,'1094',0),
(1095,'1095',0),
(1096,'1096',0),
(1097,'1097',0),
(1098,'1098',0),
(1099,'1099',0),
(1100,'1100',0),
(1101,'1101',0),
(1102,'1102',0),
(1103,'1103',0),
(1104,'1104',0),
(1105,'1105',0),
(1106,'1106',0),
(1107,'1107',0),
(1108,'1108',0),
(1109,'1109',0),
(1110,'1110',0),
(1111,'1111',0),
(1112,'1112',0),
(1113,'1113',0),
(1114,'1114',0),
(1115,'1115',0),
(1116,'1116',0),
(1117,'1117',0),
(1118,'1118',0),
(1119,'1119',0),
(1120,'1120',0),
(1121,'1121',0),
(1122,'1122',0),
(1123,'1123',0),
(1124,'1124',0),
(1203,'1203',0),
(1204,'1204',0),
(1205,'1205',0),
(1206,'1206',0),
(1207,'1207',0),
(1208,'1208',0),
(1223,'1223',0),
(1224,'1224',0),
(1225,'1225',0),
(1226,'1226',0),
(1227,'1227',0),
(1228,'1228',0),
(1243,'1243',0),
(1244,'1244',0),
(1245,'1245',0),
(1246,'1246',0),
(1247,'1247',0),
(1248,'1248',0),
(1272,'1272',0),
(1273,'1273',0),
(1274,'1274',0),
(1275,'1275',0),
(1276,'1276',0),
(1277,'1277',0),
(1278,'1278',0),
(1279,'1279',0),
(1280,'1280',0),
(1281,'1281',0),
(1282,'1282',0),
(1283,'1283',0),
(1284,'1284',0),
(1285,'1285',0),
(1286,'1286',0),
(1287,'1287',0),
(1288,'1288',0),
(1289,'1289',0),
(1290,'1290',0),
(1291,'1291',0),
(1292,'1292',0),
(1293,'1293',0),
(1294,'1294',0),
(1295,'1295',0),
(1296,'1296',0),
(1297,'1297',0),
(1298,'1298',0),
(1299,'1299',0),
(1300,'1300',0),
(1301,'1301',0),
(1350,'1350',0),
(1351,'1351',0),
(1352,'1352',0),
(1353,'1353',0),
(1354,'1354',0),
(1355,'1355',0),
(1356,'1356',0),
(1357,'1357',0),
(1358,'1358',0),
(1359,'1359',0),
(1360,'1360',0),
(1361,'1361',0),
(1362,'1362',0),
(1363,'1363',0),
(1364,'1364',0),
(1365,'1365',0),
(1366,'1366',0),
(1367,'1367',0),
(1368,'1368',0),
(1369,'1369',0),
(1370,'1370',0),
(1371,'1371',0),
(1372,'1372',0),
(1373,'1373',0),
(1374,'1374',0),
(1375,'1375',0),
(1376,'1376',0),
(1377,'1377',0),
(1378,'1378',0),
(1379,'1379',0),
(1380,'1380',0),
(1381,'1381',0),
(1382,'1382',0),
(1383,'1383',0),
(1384,'1384',0),
(1385,'1385',0),
(1386,'1386',0),
(1387,'1387',0),
(1388,'1388',0),
(1389,'1389',0),
(1390,'1390',0),
(1391,'1391',0),
(1392,'1392',0),
(1393,'1393',0),
(1394,'1394',0),
(1395,'1395',0),
(1396,'1396',0),
(1397,'1397',0),
(1398,'1398',0),
(1399,'1399',0),
(1400,'1400',0),
(1401,'1401',0),
(1402,'1402',0),
(1403,'1403',0),
(1404,'1404',0),
(1405,'1405',0),
(1406,'1406',0),
(1407,'1407',0),
(1408,'1408',0),
(1409,'1409',0),
(1410,'1410',0),
(1411,'1411',0),
(1412,'1412',0),
(1413,'1413',0),
(1414,'1414',0),
(1415,'1415',0),
(1416,'1416',0),
(1417,'1417',0),
(1418,'1418',0),
(1419,'1419',0),
(1420,'1420',0),
(1421,'1421',0),
(1500,'1500',0),
(1501,'1501',0),
(1502,'1502',0),
(1503,'1503',0),
(1504,'1504',0),
(1506,'1506',0),
(1507,'1507',0),
(1508,'1508',0),
(1509,'1509',0),
(1510,'1510',0),
(1512,'1512',0),
(1514,'1514',0),
(1515,'1515',0),
(1516,'1516',0),
(1518,'1518',0),
(1519,'1519',0),
(1520,'1520',0),
(1521,'1521',0),
(1522,'1522',0),
(1600,'1600',0),
(1601,'1601',0),
(1602,'1602',0),
(1603,'1603',0),
(1604,'1604',0),
(1605,'1605',0),
(1606,'1606',0),
(1607,'1607',0),
(1608,'1608',0),
(1609,'1609',0),
(1610,'1610',0),
(1611,'1611',0),
(1612,'1612',0),
(1613,'1613',0),
(1614,'1614',0),
(1615,'1615',0),
(1616,'1616',0),
(1617,'1617',0),
(1618,'1618',0),
(1619,'1619',0),
(1620,'1620',0),
(1621,'1621',0),
(1622,'1622',0),
(1623,'1623',0),
(1624,'1624',0),
(1625,'1625',0),
(1626,'1626',0),
(1627,'1627',0),
(1628,'1628',0),
(1629,'1629',0),
(1630,'1630',0),
(1631,'1631',0),
(1632,'1632',0),
(1633,'1633',0),
(1634,'1634',0),
(2008,'2008',0),
(2009,'2009',0),
(2010,'2010',0),
(2011,'2011',0),
(2012,'2012',0),
(2013,'2013',0),
(2014,'2014',0),
(2015,'2015',0),
(2016,'2016',0),
(2017,'2017',0),
(2018,'2018',0),
(2019,'2019',0),
(2020,'2020',0),
(2021,'2021',0),
(2022,'2022',0),
(2023,'2023',0),
(2024,'2024',0),
(2025,'2025',0),
(2026,'2026',0),
(2027,'2027',0),
(2028,'2028',0),
(2029,'2029',0),
(2030,'2030',0),
(2031,'2031',0),
(2032,'2032',0),
(2033,'2033',0),
(2034,'2034',0),
(2035,'2035',0),
(2036,'2036',0),
(2037,'2037',0),
(2038,'2038',0),
(2039,'2039',0),
(2040,'2040',0),
(2041,'2041',0),
(2042,'2042',0),
(2043,'2043',0),
(2044,'2044',0),
(2045,'2045',0),
(2046,'2046',0),
(2047,'2047',0),
(2048,'2048',0),
(2049,'2049',0),
(2050,'2050',0),
(2051,'2051',0),
(2052,'2052',0),
(2053,'2053',0),
(2054,'2054',0),
(2055,'2055',0),
(2056,'2056',0),
(2057,'2057',0),
(2058,'2058',0),
(2059,'2059',0),
(2060,'2060',0),
(2061,'2061',0),
(2062,'2062',0),
(2063,'2063',0),
(2064,'2064',0),
(2065,'2065',0),
(2066,'2066',0),
(2067,'2067',0),
(2068,'2068',0),
(2069,'2069',0),
(2070,'2070',0),
(2071,'2071',0),
(2072,'2072',0),
(2073,'2073',0),
(2074,'2074',0),
(2075,'2075',0),
(2076,'2076',0),
(2077,'2077',0),
(2078,'2078',0),
(2079,'2079',0),
(2080,'2080',0),
(2081,'2081',0),
(2082,'2082',0),
(2083,'2083',0),
(2084,'2084',0),
(2085,'2085',0),
(2086,'2086',0),
(2087,'2087',0),
(2088,'2088',0),
(2089,'2089',0),
(2090,'2090',0),
(2091,'2091',0),
(2092,'2092',0),
(2093,'2093',0),
(2094,'2094',0),
(2095,'2095',0),
(2096,'2096',0),
(2097,'2097',0),
(2098,'2098',0),
(2099,'2099',0),
(2100,'2100',0),
(2101,'2101',0),
(2102,'2102',0),
(2103,'2103',0),
(2104,'2104',0),
(2105,'2105',0),
(2106,'2106',0),
(2107,'2107',0),
(2108,'2108',0),
(2109,'2109',0),
(2110,'2110',0),
(2111,'2111',0),
(2112,'2112',0),
(2113,'2113',0),
(2114,'2114',0),
(2115,'2115',0),
(2116,'2116',0),
(2117,'2117',0),
(2118,'2118',0),
(2119,'2119',0),
(2120,'2120',0),
(2121,'2121',0),
(2122,'2122',0),
(2123,'2123',0),
(2124,'2124',0),
(2125,'2125',0),
(2126,'2126',0),
(2127,'2127',0),
(2128,'2128',0),
(2129,'2129',0),
(2130,'2130',0),
(2131,'2131',0),
(2132,'2132',0),
(2133,'2133',0),
(2134,'2134',0),
(2135,'2135',0),
(2136,'2136',0),
(2137,'2137',0),
(2138,'2138',0),
(2139,'2139',0),
(2140,'2140',0),
(2141,'2141',0),
(2142,'2142',0),
(2143,'2143',0),
(2144,'2144',0),
(2145,'2145',0),
(2146,'2146',0),
(2147,'2147',0),
(2148,'2148',0),
(2149,'2149',0),
(2150,'2150',0),
(2151,'2151',0),
(2152,'2152',0),
(2153,'2153',0),
(2154,'2154',0),
(2155,'2155',0),
(2156,'2156',0),
(2157,'2157',0),
(2158,'2158',0),
(2159,'2159',0),
(2160,'2160',0),
(2161,'2161',0),
(2162,'2162',0),
(2163,'2163',0),
(2164,'2164',0),
(2165,'2165',0),
(2166,'2166',0),
(2167,'2167',0),
(2168,'2168',0),
(2169,'2169',0),
(2170,'2170',0),
(2171,'2171',0),
(2172,'2172',0),
(2173,'2173',0),
(2174,'2174',0),
(2175,'2175',0),
(2176,'2176',0),
(2177,'2177',0),
(2178,'2178',0),
(2179,'2179',0),
(2180,'2180',0),
(2181,'2181',0),
(2182,'2182',0),
(2183,'2183',0),
(2184,'2184',0),
(2185,'2185',0),
(2186,'2186',0),
(2187,'2187',0),
(2188,'2188',0),
(2189,'2189',0),
(2190,'2190',0),
(2191,'2191',0),
(2192,'2192',0),
(2193,'2193',0),
(2194,'2194',0),
(2195,'2195',0),
(2196,'2196',0),
(2197,'2197',0),
(2198,'2198',0),
(2199,'2199',0),
(2200,'2200',0),
(2201,'2201',0),
(2202,'2202',0),
(2203,'2203',0),
(2204,'2204',0),
(2205,'2205',0),
(2206,'2206',0),
(2207,'2207',0),
(2208,'2208',0),
(2209,'2209',0),
(2210,'2210',0),
(2211,'2211',0),
(2212,'2212',0),
(2213,'2213',0),
(2214,'2214',0),
(2215,'2215',0),
(2216,'2216',0),
(2217,'2217',0),
(2218,'2218',0),
(2219,'2219',0),
(2220,'2220',0),
(2221,'2221',0),
(2222,'2222',0),
(2223,'2223',0),
(2224,'2224',0),
(2225,'2225',0),
(2226,'2226',0),
(2227,'2227',0),
(2228,'2228',0),
(2229,'2229',0),
(2230,'2230',0),
(2231,'2231',0),
(2232,'2232',0),
(2233,'2233',0),
(2234,'2234',0),
(2235,'2235',0),
(2236,'2236',0),
(2237,'2237',0),
(2238,'2238',0),
(2239,'2239',0),
(2240,'2240',0),
(2241,'2241',0),
(2242,'2242',0),
(2243,'2243',0),
(2244,'2244',0),
(2245,'2245',0),
(2246,'2246',0),
(2247,'2247',0),
(2248,'2248',0),
(2249,'2249',0),
(2250,'2250',0),
(2251,'2251',0),
(2252,'2252',0),
(2253,'2253',0),
(2254,'2254',0),
(2255,'2255',0),
(2256,'2256',0),
(2257,'2257',0),
(2258,'2258',0),
(2259,'2259',0),
(2260,'2260',0),
(2261,'2261',0),
(2262,'2262',0),
(2263,'2263',0),
(2264,'2264',0),
(2265,'2265',0),
(2266,'2266',0),
(2267,'2267',0),
(2268,'2268',0),
(2269,'2269',0),
(2270,'2270',0),
(2271,'2271',0),
(2272,'2272',0),
(2273,'2273',0),
(2274,'2274',0),
(2275,'2275',0),
(2276,'2276',0),
(2277,'2277',0),
(2278,'2278',0),
(2279,'2279',0),
(2280,'2280',0),
(2281,'2281',0),
(2282,'2282',0),
(2283,'2283',0),
(2284,'2284',0),
(2285,'2285',0),
(2286,'2286',0),
(2287,'2287',0),
(2288,'2288',0),
(2289,'2289',0),
(2290,'2290',0),
(2291,'2291',0),
(2292,'2292',0),
(2293,'2293',0),
(2294,'2294',0),
(2295,'2295',0),
(2296,'2296',0),
(2297,'2297',0),
(2298,'2298',0),
(2299,'2299',0),
(2300,'2300',0),
(2301,'2301',0),
(2302,'2302',0),
(2303,'2303',0),
(2304,'2304',0),
(2305,'2305',0),
(2306,'2306',0),
(2307,'2307',0),
(2308,'2308',0),
(2309,'2309',0),
(2310,'2310',0),
(2311,'2311',0),
(2312,'2312',0),
(2313,'2313',0),
(2314,'2314',0),
(2315,'2315',0),
(2316,'2316',0),
(2317,'2317',0),
(2318,'2318',0),
(2319,'2319',0),
(2320,'2320',0),
(2321,'2321',0),
(2322,'2322',0),
(2323,'2323',0),
(2324,'2324',0),
(2325,'2325',0),
(2326,'2326',0),
(2327,'2327',0),
(2328,'2328',0),
(2329,'2329',0),
(2330,'2330',0),
(2331,'2331',0),
(2332,'2332',0),
(2333,'2333',0),
(2334,'2334',0),
(2335,'2335',0),
(2336,'2336',0),
(2337,'2337',0),
(2338,'2338',0),
(2339,'2339',0),
(2340,'2340',0),
(2341,'2341',0),
(2342,'2342',0),
(2343,'2343',0),
(2344,'2344',0),
(2345,'2345',0),
(2346,'2346',0),
(2347,'2347',0),
(2348,'2348',0),
(2349,'2349',0),
(2350,'2350',0),
(2351,'2351',0),
(2352,'2352',0),
(2353,'2353',0),
(2354,'2354',0),
(2355,'2355',0),
(2356,'2356',0),
(2357,'2357',0),
(2358,'2358',0),
(2359,'2359',0),
(2360,'2360',0),
(2361,'2361',0),
(2362,'2362',0),
(2363,'2363',0),
(2364,'2364',0),
(2365,'2365',0),
(2366,'2366',0),
(2367,'2367',0),
(2368,'2368',0),
(2369,'2369',0),
(2370,'2370',0),
(2371,'2371',0),
(2372,'2372',0),
(2373,'2373',0),
(2374,'2374',0),
(2375,'2375',0),
(2376,'2376',0),
(2377,'2377',0),
(2378,'2378',0),
(2379,'2379',0),
(2380,'2380',0),
(2381,'2381',0),
(2382,'2382',0),
(2383,'2383',0),
(2384,'2384',0),
(2385,'2385',0),
(2386,'2386',0),
(2387,'2387',0),
(2388,'2388',0),
(2389,'2389',0),
(2390,'2390',0),
(2391,'2391',0),
(2392,'2392',0),
(2393,'2393',0),
(2394,'2394',0),
(2395,'2395',0),
(2396,'2396',0),
(2397,'2397',0),
(2398,'2398',0),
(2399,'2399',0),
(2400,'2400',0),
(2401,'2401',0),
(2402,'2402',0),
(2403,'2403',0),
(2404,'2404',0),
(2405,'2405',0),
(2406,'2406',0),
(2407,'2407',0),
(2408,'2408',0),
(2409,'2409',0),
(2410,'2410',0),
(2411,'2411',0),
(2412,'2412',0),
(2413,'2413',0),
(2414,'2414',0),
(2415,'2415',0),
(2416,'2416',0),
(2417,'2417',0),
(2418,'2418',0),
(2419,'2419',0),
(2420,'2420',0),
(2421,'2421',0),
(2422,'2422',0),
(2423,'2423',0),
(2424,'2424',0),
(2425,'2425',0),
(2426,'2426',0),
(2427,'2427',0),
(2428,'2428',0),
(2429,'2429',0),
(2430,'2430',0),
(2431,'2431',0),
(2432,'2432',0),
(2433,'2433',0),
(2434,'2434',0),
(2435,'2435',0),
(2436,'2436',0),
(2437,'2437',0),
(2438,'2438',0),
(2439,'2439',0),
(2440,'2440',0),
(2441,'2441',0),
(2442,'2442',0),
(2443,'2443',0),
(2444,'2444',0),
(2445,'2445',0),
(2446,'2446',0),
(2447,'2447',0),
(2448,'2448',0),
(2449,'2449',0),
(2450,'2450',0),
(2451,'2451',0),
(2452,'2452',0),
(2453,'2453',0),
(2454,'2454',0),
(2455,'2455',0),
(2456,'2456',0),
(2457,'2457',0),
(2458,'2458',0),
(2459,'2459',0),
(2460,'2460',0),
(2461,'2461',0),
(2462,'2462',0),
(2463,'2463',0),
(2464,'2464',0),
(2465,'2465',0),
(2466,'2466',0),
(2467,'2467',0),
(2468,'2468',0),
(2469,'2469',0),
(2470,'2470',0),
(2471,'2471',0),
(2472,'2472',0),
(2473,'2473',0),
(2474,'2474',0),
(2475,'2475',0),
(2476,'2476',0),
(2477,'2477',0),
(2478,'2478',0),
(2479,'2479',0),
(2480,'2480',0),
(2481,'2481',0),
(2482,'2482',0),
(2483,'2483',0),
(2484,'2484',0),
(2485,'2485',0),
(2486,'2486',0),
(2487,'2487',0),
(2488,'2488',0),
(2489,'2489',0),
(2490,'2490',0),
(2491,'2491',0),
(2492,'2492',0),
(2493,'2493',0),
(2494,'2494',0),
(2495,'2495',0),
(2496,'2496',0),
(2497,'2497',0),
(2498,'2498',0),
(2499,'2499',0),
(2500,'2500',0),
(2501,'2501',0),
(2502,'2502',0),
(2503,'2503',0),
(2504,'2504',0),
(2505,'2505',0),
(2506,'2506',0),
(2507,'2507',0),
(2508,'2508',0),
(2509,'2509',0),
(2510,'2510',0),
(2511,'2511',0),
(2512,'2512',0),
(2513,'2513',0),
(2514,'2514',0),
(2515,'2515',0),
(2516,'2516',0),
(2517,'2517',0),
(2518,'2518',0),
(2519,'2519',0),
(2544,'2544',0),
(2545,'2545',0),
(2546,'2546',0),
(2547,'2547',0),
(2548,'2548',0),
(2549,'2549',0),
(2550,'2550',0),
(2551,'2551',0),
(2552,'2552',0),
(2553,'2553',0),
(2554,'2554',0),
(2555,'2555',0),
(2556,'2556',0),
(2557,'2557',0),
(2558,'2558',0),
(2559,'2559',0),
(2560,'2560',0),
(2561,'2561',0),
(2562,'2562',0),
(2563,'2563',0),
(2564,'2564',0),
(2565,'2565',0),
(2566,'2566',0),
(2567,'2567',0),
(2568,'2568',0),
(2569,'2569',0),
(2570,'2570',0),
(2571,'2571',0),
(2572,'2572',0),
(2573,'2573',0),
(2574,'2574',0),
(2575,'2575',0),
(2576,'2576',0),
(2577,'2577',0),
(2578,'2578',0),
(2579,'2579',0),
(2580,'2580',0),
(2581,'2581',0),
(2582,'2582',0),
(2583,'2583',0),
(2584,'2584',0),
(2585,'2585',0),
(2586,'2586',0),
(2587,'2587',0),
(2588,'2588',0),
(2589,'2589',0),
(2590,'2590',0),
(2591,'2591',0),
(5001,'5001',0),
(5002,'5002',0),
(5003,'5003',0),
(5011,'5011',0),
(5012,'5012',0),
(5013,'5013',0),
(5021,'5021',0),
(5022,'5022',0),
(5023,'5023',0),
(5031,'5031',0),
(5032,'5032',0),
(5033,'5033',0),
(5041,'5041',0),
(5042,'5042',0),
(5043,'5043',0),
(5051,'5051',0),
(5052,'5052',0),
(5053,'5053',0),
(5061,'5061',0),
(5062,'5062',0),
(5063,'5063',0),
(5071,'5071',0),
(5072,'5072',0),
(5073,'5073',0),
(5081,'5081',0),
(5082,'5082',0),
(5083,'5083',0),
(5091,'5091',0),
(5092,'5092',0),
(5093,'5093',0),
(5101,'5101',0),
(5102,'5102',0),
(5103,'5103',0),
(5111,'5111',0),
(5112,'5112',0),
(5113,'5113',0),
(5121,'5121',0),
(5122,'5122',0),
(5123,'5123',0),
(5131,'5131',0),
(5132,'5132',0),
(5133,'5133',0),
(5141,'5141',0),
(5142,'5142',0),
(5143,'5143',0);
