INSERT INTO `lvl_exp` VALUES
(1,200),
(2,653),
(3,1384),
(4,2411),
(5,3747),
(6,5404),
(7,7391),
(8,9717),
(9,12391),
(10,15418),
(11,18805),
(12,22559),
(13,26685),
(14,31187),
(15,36072),
(16,41343),
(17,47004),
(18,53061),
(19,59517),
(20,66376),
(21,73641),
(22,81316),
(23,89405),
(24,97910),
(25,106835),
(26,116182),
(27,125956),
(28,136157),
(29,146791),
(30,157858),
(31,169078),
(32,194993),
(33,224260),
(34,265493),
(35,319533),
(36,387220),
(37,481433),
(38,603852),
(39,756158),
(40,998096),
(41,1283895),
(42,1653037),
(43,2110000),
(44,2659266),
(45,3296084),
(46,4022042),
(47,4920542),
(48,5994563),
(49,7246700),
(50,9026428),
(51,11032758),
(52,13480812),
(53,16374835),
(54,19718110),
(55,23730081),
(56,28414030),
(57,33771802),
(58,40023320),
(59,47168508),
(60,57849303),
(61,71948643),
(62,89996087),
(63,112544233),
(64,140168718),
(65,170440993),
(66,203437858),
(67,239236113),
(68,277912558),
(69,319543993),
(70,371549118),
(71,427175598),
(72,486513033),
(73,549651023),
(74,616679168),
(75,687687068),
(76,762764323),
(77,842000533),
(78,925485298),
(79,1013308218),
(80,1118604443),
(81,1229058788),
(82,1344773653),
(83,1465851438),
(84,1592394543),
(85,1724505368),
(86,1862286313),
(87,2005839778),
(88,2155268163),
(89,2310673868),
(90,2492188493),
(91,2680654003),
(92,2876185598),
(93,3078898478),
(94,3288907843),
(95,3506328893),
(96,3731276828),
(97,3963866848),
(98,4204214153),
(99,4452433943),
(100,4708641418),
(101,4972951778),
(102,5245480223),
(103,5526341953),
(104,5815652168),
(105,6113526068),
(106,6420078853),
(107,6735425723),
(108,7059681878),
(109,7392962518),
(110,7735382843),
(111,8087058053),
(112,8448103348),
(113,8818633928),
(114,9198764993),
(115,9588611743),
(116,9988289378),
(117,10397913098),
(118,10817598103),
(119,11247459593),
(120,11687612768),
(121,12138172828),
(122,12599254973),
(123,13070974403),
(124,13553446318),
(125,14046785918),
(126,14551108403),
(127,15066528973),
(128,15593162828),
(129,16131125168),
(130,16680531193),
(131,17241496103),
(132,17814135098),
(133,18398563378),
(134,18994896143),
(135,19603248593),
(136,20223735928),
(137,20856473348),
(138,21501576053),
(139,22159159243),
(140,22829338118),
(141,23512227878),
(142,24207943723),
(143,24916600853),
(144,25638314468),
(145,26373199768),
(146,27121371953),
(147,27882946223),
(148,28658037778),
(149,29446761818),
(150,30249233543),
(151,31065568153),
(152,31895880848),
(153,32740286828),
(154,33598901293),
(155,34471839443),
(156,35359216478),
(157,36261147598),
(158,37177748003),
(159,38109132893),
(160,39055417468);
