INSERT INTO `map` VALUES
(0,'白堰村',1,0,2),
(1,'成都郊外',1,0,2),
(2,'成都',1,0,2),
(3,'慈云寺',1,0,2),
(5,'桂花山',1,0,2),
(6,'长沙城外',1,0,2),
(7,'长沙',1,0,2),
(8,'青螺山',1,0,2),
(16,'姑婆岭',1,0,2),
(17,'衡山',1,0,2),
(18,'百蛮山',1,0,2),
(19,'莽苍山',1,0,2),
(20,'峨眉山',1,0,2),
(22,'九华山',1,0,2),
(23,'庐山',1,0,2),
(24,'黄山',1,0,2),
(25,'雁荡山',1,0,2),
(32,'东海',1,0,2),
(35,'罗浮山',1,0,2),
(36,'武当山',1,0,2),
(37,'青城山',1,0,2),
(38,'苏州',1,0,2),
(39,'南疆',1,0,2),
(40,'昆仑山',1,0,2),
(41,'喜马拉雅山',70,0,2),
(50,'陷空岛',1,0,2),
(52,'峨眉派',1,0,0),
(53,'昆仑派',1,0,1);
