INSERT INTO `map_object` VALUES
(4104,'李宁',5,4,0),
(4105,'元元大师',5,4,0),
(4106,'周淳',4,4,0),
(4107,'马湘',4,4,0),
(4108,'赵燕儿',4,4,0),
(4109,'醉道人',4,4,0),
(4110,'知味楼掌柜',3,4,0),
(4111,'髯仙李元华',3,4,0),
(4112,'施林',7,4,0),
(4113,'李宁',258,4,0),
(4114,'天蒙禅师',258,4,0),
(4115,'魏青娘子',259,4,0),
(4116,'追云叟',261,4,0),
(4117,'周淳',518,4,0),
(4118,'松童子',518,4,0),
(4119,'鹤童子',515,4,0),
(4120,'素因大师',517,4,0),
(4121,'玉清大师',516,4,0),
(4122,'沈浪',774,4,0),
(4123,'望江楼掌柜',770,4,0),
(4124,'王承修',772,4,0),
(4128,'成都知府',1025,4,0),
(4129,'醉道人',1030,4,0),
(4133,'廖臣明',1028,4,0),
(4134,'古籍商人',1282,4,0),
(4135,'防具商人',1282,4,0),
(4136,'赵心源',1283,4,0),
(4139,'侠僧轶凡',1286,4,0),
(4140,'钱掌柜',1282,4,0),
(4141,'醉道人',1282,4,0),
(4142,'黄元御',1283,4,0),
(4143,'知客了一',1286,4,0),
(4144,'八仙过海图',1282,4,0),
(4145,'周云从',1282,4,0),
(4146,'张老实',1283,4,0),
(4147,'邱林',1286,4,0),
(4148,'齐漱溟',1282,4,0),
(4149,'申若兰',1282,4,0),
(4150,'金花姥姥',1283,4,0),
(4151,'旬兰因',1286,4,0),
(10,'李刚',5,2,0),
(11,'水贼',5,2,0),
(12,'贼兵',5,2,0);
