INSERT INTO `map_spot` VALUES
(4104,'李宁',2,4,1,10),
(4105,'白云大师',258,4,1,50),
(4106,'周淳',5,4,1,10),
(4107,'马湘',6,4,1,5),
(4108,'赵燕儿',7,4,1,7),
(4109,'醉道人',8,4,1,40),
(4110,'赵掌柜',9,4,3,5),
(4111,'髯仙李元华',258,4,1,45),
(4112,'施林',259,4,1,10),
(4113,'李英琼',7,4,1,10),
(4114,'天蒙禅师',2,4,1,99),
(4115,'魏青娘子',261,4,1,5),
(4116,'追云叟',262,4,1,85),
(4117,'周淳',263,4,1,10),
(4118,'松童子',263,4,1,15),
(4119,'鹤童子',263,4,1,15),
(4120,'素因大师',263,4,1,50),
(4121,'玉清大师',264,4,1,50),
(4122,'沈浪',515,4,9,50),
(4123,'李掌柜',514,4,2,10),
(4124,'王承修',520,4,1,15),
(4125,'成都知府',529,4,1,15),
(4126,'醉道人',514,4,1,40),
(4127,'廖臣明',517,4,257,15),
(4128,'古籍商人',517,4,4096,15),
(4129,'云游道人',262,4,2048,40),
(4130,'赵心源',518,4,1,30),
(4131,'侠僧轶凡',518,4,4,60),
(4132,'赵捕头',529,4,64,15),
(4133,'醉道人',528,4,1,40),
(4134,'黄元御',521,4,1,40),
(4135,'知客了一',773,4,2,10),
(4136,'八仙过海图',775,4,1,1),
(4137,'周云从',777,4,1,10),
(4138,'张老实',784,4,1,20),
(4139,'邱林',771,4,2,21),
(4140,'齐漱溟',13315,4,64,95),
(4143,'申若兰',1283,4,1,30),
(4144,'金花姥姥',1285,4,1,40),
(4145,'袁星',1286,4,1,1),
(4141,'玄真子',13319,4,128,80),
(4142,'李元化',13318,4,1,45),
(4146,'一元祖师',13571,4,64,95),
(4147,'钟先生',13574,4,128,40),
(4148,'韦少少',13575,4,2,40),
(4166,'蒙馆老仆',6,4,4096,5),
(4167,'周淳',8,4,1,10),
(4209,'洗练大师',515,4,16,40),
(4210,'宝石大师',517,4,32,40),
(4211,'百草仙子',521,4,2048,40),
(5000,'李刚',4,2,0,3),
(5001,'水贼',2,2,0,1),
(5002,'贼兵',16,2,0,8),
(5003,'蛇妖',260,2,0,10),
(5004,'毛太',261,2,0,15),
(5005,'秦朗',262,2,0,15),
(5006,'松童子',263,2,0,20),
(5007,'鹤童子',263,2,0,20),
(5008,'僵尸',265,2,0,20),
(5009,'张亮',520,2,0,22),
(5010,'巡逻僧兵',774,2,0,25),
(5011,'恶僧',775,2,0,25),
(5012,'僧兵守卫',777,2,0,25),
(5013,'金驼',1282,2,0,35),
(5016,'毒蛙',1288,2,0,35),
(5017,'神鳄',1296,2,0,35),
(5018,'毒石',1297,2,0,35),
(5019,'飞龙师太',1289,2,0,35),
(5020,'乔瘦滕',1286,2,0,35),
(5021,'阴魔',1286,2,0,35),
(5022,'乔瘦滕',1287,2,0,35),
(5272,'蛇妖',260,2,0,10);
