INSERT INTO `newquestions` VALUES
(1,1,2),
(2,1,2),
(3,1,4),
(4,1,2),
(5,1,1),
(6,1,3),
(7,1,1),
(8,1,3),
(9,1,4),
(10,1,1),
(11,1,4),
(12,1,3),
(13,1,1),
(14,1,3),
(15,1,3),
(16,1,1),
(17,1,2),
(18,1,1),
(19,1,4),
(20,1,3),
(21,1,3),
(22,1,4),
(23,1,3),
(24,1,1),
(25,1,3),
(26,1,2),
(27,1,3),
(28,1,4),
(29,1,4),
(30,1,4),
(31,1,1),
(32,1,2),
(33,1,4),
(34,1,3),
(35,1,3),
(36,1,3),
(37,1,1),
(38,1,2),
(39,1,1),
(40,1,1),
(41,1,3),
(42,1,1),
(43,1,3),
(44,1,3),
(45,1,4),
(46,1,1),
(47,1,3),
(48,1,4),
(49,1,1),
(50,1,4),
(51,1,2),
(52,1,4),
(53,1,4),
(54,1,1),
(55,1,2),
(56,1,1),
(57,1,2),
(58,1,1),
(59,1,1),
(60,1,2),
(61,1,1),
(62,1,2),
(63,1,3),
(64,1,4),
(65,1,2),
(66,1,2),
(67,1,1),
(68,1,2),
(69,1,3),
(70,1,2),
(71,1,1),
(72,1,1),
(73,1,4),
(74,1,1),
(75,1,2),
(76,1,4),
(77,1,1),
(78,1,1),
(79,1,3),
(80,1,4),
(81,1,3),
(82,1,1),
(83,1,1),
(84,1,1),
(85,1,1),
(86,1,2),
(87,1,2),
(88,1,1),
(89,1,4),
(90,1,1),
(91,1,4),
(92,1,4),
(93,1,2),
(94,1,4),
(95,1,2),
(96,1,3),
(97,1,1),
(98,1,4),
(99,1,1),
(100,1,3),
(101,1,1),
(102,1,1),
(103,1,2),
(104,1,2),
(105,1,3),
(106,1,3),
(107,1,3),
(108,1,3),
(109,1,1),
(110,1,1),
(111,1,4),
(112,1,4),
(113,1,1),
(114,1,1),
(115,1,1),
(116,1,4),
(117,1,4),
(118,1,2),
(119,1,3),
(120,1,4),
(121,1,1),
(122,1,1),
(123,1,4),
(124,1,3),
(125,1,2),
(126,1,2),
(127,1,4),
(128,1,3),
(129,1,3),
(130,1,2),
(131,1,2),
(132,1,3),
(133,1,1),
(134,1,3),
(135,1,3),
(136,1,3),
(137,1,3),
(138,1,4),
(139,1,4),
(140,1,4),
(141,1,3),
(142,1,3),
(143,1,2),
(144,1,3),
(145,1,4),
(146,1,2),
(147,1,4),
(148,1,1),
(149,1,2),
(150,1,3),
(151,1,3),
(152,1,4),
(153,1,1),
(154,1,3),
(155,1,1),
(156,1,3),
(157,1,4),
(158,1,3),
(159,1,3),
(160,1,4),
(161,1,2),
(162,1,4),
(163,1,1),
(164,1,3),
(165,1,3),
(166,1,4),
(167,1,2),
(168,1,3),
(169,1,3),
(170,1,3),
(171,1,3),
(172,1,3),
(173,1,2),
(174,1,1),
(175,1,3),
(176,1,3),
(177,1,1),
(178,1,2),
(179,1,2),
(180,1,3),
(181,1,2),
(182,1,4),
(183,1,2),
(184,1,3),
(185,1,3),
(186,1,4),
(187,1,4),
(188,1,3),
(189,1,3),
(190,1,2),
(191,1,1),
(192,1,4),
(193,1,4),
(194,1,1),
(195,1,2),
(196,1,1),
(197,1,3),
(198,1,1),
(199,1,4),
(200,1,3),
(201,2,3),
(202,2,2),
(203,2,1),
(204,2,3),
(205,2,2),
(206,2,2),
(207,2,1),
(208,2,4),
(209,2,4),
(210,2,2),
(211,2,1),
(212,2,2),
(213,2,3),
(214,2,2),
(215,2,4),
(216,2,3),
(217,2,2),
(218,2,1),
(219,2,2),
(220,2,1),
(221,2,4),
(222,2,1),
(223,2,1),
(224,2,1),
(225,2,1),
(226,2,1),
(227,2,1),
(228,2,1),
(229,2,1),
(230,2,1),
(231,2,1),
(232,2,1),
(233,2,1),
(234,2,1),
(235,2,1),
(236,2,1),
(237,2,1),
(238,2,1),
(239,2,1),
(240,2,1),
(241,2,1),
(242,2,1),
(243,2,1),
(244,2,1),
(245,2,1),
(246,2,1),
(247,2,1),
(248,2,1),
(249,2,1),
(250,2,1),
(251,2,1),
(252,2,1),
(253,2,2),
(254,2,2),
(255,2,2),
(256,2,2),
(257,2,2),
(258,2,2),
(259,2,2),
(260,2,2),
(261,2,2),
(262,2,2),
(263,2,2),
(264,2,2),
(265,2,2),
(266,2,2),
(267,2,2),
(268,2,2),
(269,2,2),
(270,2,2),
(271,2,2),
(272,2,2),
(273,2,2),
(274,2,2),
(275,2,3),
(276,2,3),
(277,2,3),
(278,2,3),
(279,2,3),
(280,2,3),
(281,2,3),
(282,2,3),
(283,2,3),
(284,2,3),
(285,2,3),
(286,2,3),
(287,2,3),
(288,2,3),
(289,2,3),
(290,2,3),
(291,2,3),
(292,2,3),
(293,2,3),
(294,2,3),
(295,2,3),
(296,2,1),
(297,2,1),
(298,2,1),
(299,2,1),
(300,2,1),
(301,2,1),
(302,2,1),
(303,2,1),
(304,2,1),
(305,2,1),
(306,2,1),
(307,2,1),
(308,2,1),
(309,2,2),
(310,2,2),
(311,2,4),
(312,2,1),
(313,2,2),
(314,2,3),
(315,2,3),
(316,2,1),
(317,2,2),
(318,2,1),
(319,2,1),
(320,2,1),
(321,2,1),
(322,2,3),
(323,2,2),
(324,2,3),
(325,2,2),
(326,2,2),
(327,2,4),
(328,2,1),
(329,2,1),
(330,2,1),
(331,2,1),
(332,2,1),
(333,2,1),
(334,2,1),
(335,2,1),
(336,2,1),
(337,2,1),
(338,2,1),
(339,2,1),
(340,2,1),
(341,2,1),
(342,2,1),
(343,2,1),
(344,2,1),
(345,2,1),
(346,2,1),
(347,2,1),
(348,2,1),
(349,2,1),
(350,2,1),
(351,2,2),
(352,2,4),
(353,2,1),
(354,2,3),
(355,2,2),
(356,2,2),
(357,2,2),
(358,2,1),
(359,2,3),
(360,2,1),
(361,2,1),
(362,2,2),
(363,2,4),
(364,2,4),
(365,2,2),
(366,2,4),
(367,2,3),
(368,2,1),
(369,2,4),
(370,2,4),
(371,2,3),
(372,2,4),
(373,2,1),
(374,2,3),
(375,2,4),
(376,2,1),
(377,2,2),
(378,2,3),
(379,2,4),
(380,2,1),
(381,2,2),
(382,2,1),
(383,2,2),
(384,2,3),
(385,2,4),
(386,2,1),
(387,2,2),
(388,2,3),
(389,2,1),
(390,2,1),
(391,2,2),
(392,2,3),
(393,2,4),
(394,2,1),
(395,2,2),
(396,2,3),
(397,2,4),
(398,2,1),
(399,2,2),
(400,2,3),
(401,3,4),
(402,3,1),
(403,3,2),
(404,3,3),
(405,3,4),
(406,3,1),
(407,3,2),
(408,3,3),
(409,3,4),
(410,3,1),
(411,3,3),
(412,3,3),
(413,3,2),
(414,3,1),
(415,3,4),
(416,3,3),
(417,3,3),
(418,3,1),
(419,3,4),
(420,3,4),
(421,3,1),
(422,3,2),
(423,3,3),
(424,3,4),
(425,3,1),
(426,3,2),
(427,3,3),
(428,3,4),
(429,3,1),
(430,3,2),
(431,3,3),
(432,3,4),
(433,3,1),
(434,3,2),
(435,3,3),
(436,3,4),
(437,3,1),
(438,3,2),
(439,3,3),
(440,3,4),
(441,3,1),
(442,3,2),
(443,3,3),
(444,3,4),
(445,3,1),
(446,3,2),
(447,3,3),
(448,3,4),
(449,3,1),
(450,3,2),
(451,3,3),
(452,3,4),
(453,3,1),
(454,3,2),
(455,3,3),
(456,3,4),
(457,3,1),
(458,3,2),
(459,3,3),
(460,3,4),
(461,3,1),
(462,3,2),
(463,3,3),
(464,3,4),
(465,3,1),
(466,3,2),
(467,3,3),
(468,3,4),
(469,3,1),
(470,3,2),
(471,3,3),
(472,3,4),
(473,3,4),
(474,3,1),
(475,3,2),
(476,3,3),
(477,3,4),
(478,3,1),
(479,3,2),
(480,3,3),
(481,3,4),
(482,3,1),
(483,3,2),
(484,3,3),
(485,3,4),
(486,3,1),
(487,3,2),
(488,3,3),
(489,3,4),
(490,3,1),
(491,3,2),
(492,3,3),
(493,3,4),
(494,3,1),
(495,3,2),
(496,3,3),
(497,3,4),
(498,3,1),
(499,3,2),
(500,3,3),
(501,3,2),
(502,3,3),
(503,3,4),
(504,3,1),
(505,3,2),
(506,3,3),
(507,3,4),
(508,3,1),
(509,3,2),
(510,3,3),
(511,3,4),
(512,3,1),
(513,3,4),
(514,3,1),
(515,3,2),
(516,3,3),
(517,3,1),
(518,3,1),
(519,3,1),
(520,3,1),
(521,3,1),
(522,3,4),
(523,3,1),
(524,3,2),
(525,3,3),
(526,3,4),
(527,3,1),
(528,3,2),
(529,3,3),
(530,3,4),
(531,3,1),
(532,3,2),
(533,3,3),
(534,3,4),
(535,3,1),
(536,3,2),
(537,3,3),
(538,3,4),
(539,3,1),
(540,3,2),
(541,3,3),
(542,3,4),
(543,3,1),
(544,3,2),
(545,3,3),
(546,3,4),
(547,3,1),
(548,3,1),
(549,3,1),
(550,3,1),
(551,3,1),
(552,3,1),
(553,3,1),
(554,3,1),
(555,3,1),
(556,3,1),
(557,3,1),
(558,3,1),
(559,3,1),
(560,3,1),
(561,3,1),
(562,3,1),
(563,3,1),
(564,3,1),
(565,3,1),
(566,3,1),
(567,3,1),
(568,3,1),
(569,3,1),
(570,3,1),
(571,3,1),
(572,3,1),
(573,3,1),
(574,3,1),
(575,3,1),
(576,3,1),
(577,3,1),
(578,3,1),
(579,3,1),
(580,3,1),
(581,3,1),
(582,3,1),
(583,3,1),
(584,3,1),
(585,3,1),
(586,3,1),
(587,3,1),
(588,3,1),
(589,3,1),
(590,3,1),
(591,3,1),
(592,3,1),
(593,3,1),
(594,3,1),
(595,3,2),
(596,3,3),
(597,3,4),
(598,3,1),
(599,3,2),
(600,3,2),
(601,4,3),
(602,4,4),
(603,4,1),
(604,4,2),
(605,4,3),
(606,4,4),
(607,4,1),
(608,4,1),
(609,4,2),
(610,4,3),
(611,4,4),
(612,4,1),
(613,4,2),
(614,4,3),
(615,4,4),
(616,4,1),
(617,4,2),
(618,4,3),
(619,4,4),
(620,4,1),
(621,4,2),
(622,4,3),
(623,4,4),
(624,4,1),
(625,4,2),
(626,4,3),
(627,4,4),
(628,4,1),
(629,4,2),
(630,4,4),
(631,4,4),
(632,4,4),
(633,4,4),
(634,4,4),
(635,4,4),
(636,4,4),
(637,4,4),
(638,4,4),
(639,4,4),
(640,4,4),
(641,4,4),
(642,4,4),
(643,4,4),
(644,4,4),
(645,4,4),
(646,4,4),
(647,4,4),
(648,4,4),
(649,4,4),
(650,4,4),
(651,4,4),
(652,4,4),
(653,4,4),
(654,4,4),
(655,4,4),
(656,4,4),
(657,4,4),
(658,4,4),
(659,4,4),
(660,4,4),
(661,4,4),
(662,4,4),
(663,4,4),
(664,4,4),
(665,4,4),
(666,4,4),
(667,4,4),
(668,4,4),
(669,4,4),
(670,4,3),
(671,4,3),
(672,4,3),
(673,4,3),
(674,4,3),
(675,4,3),
(676,4,3),
(677,4,3),
(678,4,3),
(679,4,3),
(680,4,3),
(681,4,3),
(682,4,3),
(683,4,3),
(684,4,3),
(685,4,3),
(686,4,3),
(687,4,3),
(688,4,3),
(689,4,3),
(690,4,3),
(691,4,3),
(692,4,3),
(693,4,3),
(694,4,3),
(695,4,3),
(696,4,3),
(697,4,3),
(698,4,3),
(699,4,3),
(700,4,3),
(701,4,3),
(702,4,3),
(703,4,3),
(704,4,3),
(705,4,3),
(706,4,3),
(707,4,3),
(708,4,3),
(709,4,3),
(710,4,2),
(711,4,2),
(712,4,2),
(713,4,2),
(714,4,2),
(715,4,2),
(716,4,2),
(717,4,2),
(718,4,2),
(719,4,2),
(720,4,2),
(721,4,2),
(722,4,2),
(723,4,2),
(724,4,2),
(725,4,2),
(726,4,2),
(727,4,2),
(728,4,2),
(729,4,2),
(730,4,2),
(731,4,2),
(732,4,2),
(733,4,2),
(734,4,2),
(735,4,2),
(736,4,2),
(737,4,2),
(738,4,2),
(739,4,2),
(740,4,1),
(741,4,2),
(742,4,3),
(743,4,4),
(744,4,3),
(745,4,2),
(746,4,2),
(747,4,2),
(748,4,3),
(749,4,1),
(750,4,3),
(751,4,3),
(752,4,2),
(753,4,1),
(754,4,1),
(755,4,3),
(756,4,1),
(757,4,3),
(758,4,2),
(759,4,4),
(760,4,3),
(761,4,4),
(762,4,4),
(763,4,4),
(764,4,1),
(765,4,4),
(766,4,1),
(767,4,3),
(768,4,2),
(769,4,4),
(770,4,2),
(771,4,3),
(772,4,4),
(773,4,2),
(774,4,1),
(775,4,3),
(776,4,2),
(777,4,3),
(778,4,3),
(779,4,4),
(780,4,1),
(781,4,2),
(782,4,1),
(783,4,3),
(784,4,3),
(785,4,1),
(786,4,1),
(787,4,2),
(788,4,1),
(789,4,3),
(790,4,2),
(791,4,2),
(792,4,3),
(793,4,2),
(794,4,4),
(795,4,1),
(796,4,4),
(797,4,3),
(798,4,2),
(799,4,2),
(800,4,2),
(801,5,4),
(802,5,2),
(803,5,1),
(804,5,2),
(805,5,1),
(806,5,1),
(807,5,2),
(808,5,2),
(809,5,3),
(810,5,1),
(811,5,3),
(812,5,1),
(813,5,1),
(814,5,1),
(815,5,1),
(816,5,1),
(817,5,1),
(818,5,1),
(819,5,1),
(820,5,1),
(821,5,1),
(822,5,1),
(823,5,1),
(824,5,1),
(825,5,1),
(826,5,1),
(827,5,1),
(828,5,1),
(829,5,1),
(830,5,1),
(831,5,1),
(832,5,1),
(833,5,1),
(834,5,1),
(835,5,1),
(836,5,1),
(837,5,1),
(838,5,1),
(839,5,1),
(840,5,1),
(841,5,1),
(842,5,2),
(843,5,4),
(844,5,3),
(845,5,2),
(846,5,2),
(847,5,2),
(848,5,2),
(849,5,2),
(850,5,1),
(851,5,3),
(852,5,3),
(853,5,2),
(854,5,4),
(855,5,2),
(856,5,2),
(857,5,4),
(858,5,3),
(859,5,2),
(860,5,3),
(861,5,3),
(862,5,1),
(863,5,3),
(864,5,1),
(865,5,2),
(866,5,1),
(867,5,1),
(868,5,2),
(869,5,1),
(870,5,4),
(871,5,2),
(872,5,4),
(873,5,1),
(874,5,3),
(875,5,4),
(876,5,3),
(877,5,2),
(878,5,2),
(879,5,2),
(880,5,2),
(881,5,4),
(882,5,1),
(883,5,2),
(884,5,3),
(885,5,2),
(886,5,2),
(887,5,4),
(888,5,1),
(889,5,1),
(890,5,2),
(891,5,2),
