INSERT INTO `special_fighter_template` VALUES
(1,'儒男',1,1,0,1.000000,5.000000,'0',0,4,20,4,10,4,30,0,100,0,16,40,8,8,160,11,0.000000,54.000000,1.500000,1.000000,150.000000,0.000000,3.000000,1.000000,'0'),
(2,'儒女',1,1,1,1.000000,5.000000,'0',0,4,20,4,10,4,30,0,100,0,16,40,8,8,160,11,0.000000,54.000000,1.500000,1.000000,150.000000,0.000000,3.000000,1.000000,'0'),
(3,'释男',2,1,0,1.000000,5.000000,'0',0,6,22,4,8,8,30,0,100,0,24,32,8,16,176,12,0.000000,54.000000,1.500000,1.000000,150.000000,0.000000,3.000000,1.000000,'0'),
(4,'释女',2,1,1,1.000000,5.000000,'0',0,6,22,4,8,8,30,0,100,0,24,32,8,16,176,12,0.000000,54.000000,1.500000,1.000000,150.000000,0.000000,3.000000,1.000000,'0'),
(5,'道男',3,1,0,1.000000,5.000000,'0',0,8,24,8,4,4,30,0,100,0,32,16,16,8,192,10,0.000000,54.000000,1.500000,1.000000,150.000000,0.000000,3.000000,1.000000,'0'),
(6,'道女',3,1,1,1.000000,5.000000,'0',0,8,24,8,4,4,30,0,100,0,32,16,16,8,192,10,0.000000,54.000000,1.500000,1.000000,150.000000,0.000000,3.000000,1.000000,'0'),
(7,'儒童',1,1,2,1.000000,5.000000,'0',0,4,20,4,10,4,30,0,100,0,16,40,8,8,160,11,0.000000,54.000000,1.500000,1.000000,150.000000,0.000000,3.000000,1.000000,'0'),
(8,'释童',2,1,2,1.000000,5.000000,'0',0,6,22,4,8,8,30,0,100,0,24,32,8,16,176,12,0.000000,54.000000,1.500000,1.000000,150.000000,0.000000,3.000000,1.000000,'0'),
(9,'道童',3,1,2,1.000000,5.000000,'0',0,8,24,8,4,4,30,0,100,0,32,16,16,8,192,10,0.000000,54.000000,1.500000,1.000000,150.000000,0.000000,3.000000,1.000000,'0'),
(10,'李英琼',3,1,1,1.800000,5.000000,'0',0,8,24,8,4,4,30,0,100,0,32,16,16,8,192,10,0.000000,54.000000,1.500000,1.000000,150.000000,0.000000,3.000000,1.000000,'0'),
(11,'齐灵云',3,1,1,1.700000,5.000000,'0',0,8,24,8,4,4,30,0,100,0,32,16,16,8,192,10,0.000000,54.000000,1.500000,1.000000,150.000000,0.000000,3.000000,1.000000,'0'),
(12,'申屠宏',3,1,0,1.600000,5.000000,'0',0,8,24,8,4,4,30,0,100,0,32,16,16,8,192,10,0.000000,54.000000,1.500000,1.000000,150.000000,0.000000,3.000000,1.000000,'0'),
(13,'余英男',2,1,1,1.800000,5.000000,'0',0,6,22,4,8,8,30,0,100,0,24,32,8,16,176,12,0.000000,54.000000,1.500000,1.000000,150.000000,0.000000,3.000000,1.000000,'0'),
(14,'笑和尚',2,1,0,1.700000,5.000000,'0',0,6,22,4,8,8,30,0,100,0,24,32,8,16,176,12,0.000000,54.000000,1.500000,1.000000,150.000000,0.000000,3.000000,1.000000,'0'),
(15,'齐霞儿',2,1,1,1.600000,5.000000,'0',0,6,22,4,8,8,30,0,100,0,24,32,8,16,176,12,0.000000,54.000000,1.500000,1.000000,150.000000,0.000000,3.000000,1.000000,'0'),
(16,'周轻云',1,1,1,1.800000,5.000000,'0',0,4,20,4,10,4,30,0,100,0,16,40,8,8,160,11,0.000000,54.000000,1.500000,1.000000,150.000000,0.000000,3.000000,1.000000,'0'),
(17,'严人英',1,1,0,1.700000,5.000000,'0',0,4,20,4,10,4,30,0,100,0,16,40,8,8,160,11,0.000000,54.000000,1.500000,1.000000,150.000000,0.000000,3.000000,1.000000,'0'),
(5000,'李刚',3,3,0,0.000000,0.000000,'0',0,0,0,0,0,0,0,0,0,0,100,0,8,20,100,10,0.000000,95.000000,5.000000,5.000000,150.000000,5.000000,5.000000,5.000000,'0'),
(5001,'水贼',3,8,0,0.000000,0.000000,'0',0,0,0,0,0,0,0,0,0,0,100,0,4,4,108,10,0.000000,95.000000,5.000000,5.000000,150.000000,0.000000,3.000000,0.000000,'0'),
(5002,'贼兵',3,10,0,0.000000,0.000000,'0',0,0,0,0,0,0,0,0,0,0,100,0,4,8,72,11,0.000000,90.000000,5.000000,5.000000,150.000000,0.000000,3.000000,0.000000,'0'),
(5003,'蛇妖',2,10,0,0.000000,0.000000,'0',0,0,0,0,0,0,0,0,0,0,100,0,8,4,36,11,0.000000,90.000000,5.000000,5.000000,150.000000,0.000000,3.000000,0.000000,'0'),
(5004,'毛太',1,10,0,0.000000,0.000000,'0',0,0,0,0,0,0,0,0,0,0,100,0,6,6,162,11,0.000000,90.000000,5.000000,5.000000,150.000000,0.000000,3.000000,0.000000,'0'),
(5005,'秦朗',1,10,0,0.000000,0.000000,'0',0,0,0,0,0,0,0,0,0,0,100,0,6,12,108,11,0.000000,90.000000,5.000000,5.000000,150.000000,0.000000,3.000000,0.000000,'0'),
(5006,'松童子',1,10,0,0.000000,0.000000,'0',0,0,0,0,0,0,0,0,0,0,100,0,12,6,54,11,0.000000,90.000000,5.000000,5.000000,150.000000,0.000000,3.000000,0.000000,'0'),
(5007,'鹤童子',1,10,0,0.000000,0.000000,'0',0,0,0,0,0,0,0,0,0,0,100,0,8,8,216,11,0.000000,90.000000,5.000000,5.000000,150.000000,0.000000,3.000000,0.000000,'0'),
(5008,'僵尸',1,11,0,0.000000,0.000000,'0',0,0,0,0,0,0,0,0,0,0,100,0,8,16,144,11,0.000000,90.000000,5.000000,5.000000,150.000000,0.000000,3.000000,0.000000,'0'),
(5009,'张亮',2,12,0,0.000000,0.000000,'0',0,0,0,0,0,0,0,0,0,0,100,0,16,8,72,11,0.000000,90.000000,5.000000,5.000000,150.000000,0.000000,3.000000,0.000000,'0'),
(5010,'巡逻僧兵',3,13,0,0.000000,0.000000,'0',0,0,0,0,0,0,0,0,0,0,100,0,10,10,270,11,0.000000,90.000000,5.000000,5.000000,150.000000,0.000000,3.000000,0.000000,'0'),
(5011,'恶僧',2,14,0,0.000000,0.000000,'0',0,0,0,0,0,0,0,0,0,0,100,0,10,20,180,11,0.000000,90.000000,5.000000,5.000000,150.000000,0.000000,3.000000,0.000000,'0'),
(5012,'僧兵守卫',2,15,0,0.000000,0.000000,'0',0,0,0,0,0,0,0,0,0,0,100,0,20,10,90,11,0.000000,90.000000,5.000000,5.000000,150.000000,0.000000,3.000000,0.000000,'0'),
(5013,'金驼',2,15,0,0.000000,0.000000,'0',0,0,0,0,0,0,0,0,0,0,100,0,12,12,324,11,0.000000,90.000000,5.000000,5.000000,150.000000,0.000000,3.000000,0.000000,'0'),
(5016,'毒蛙',2,15,0,0.000000,0.000000,'0',0,0,0,0,0,0,0,0,0,0,100,0,12,24,216,11,0.000000,90.000000,5.000000,5.000000,150.000000,0.000000,3.000000,0.000000,'0'),
(5017,'神鳄',2,15,0,0.000000,0.000000,'0',0,0,0,0,0,0,0,0,0,0,100,0,24,12,108,11,0.000000,90.000000,5.000000,5.000000,150.000000,0.000000,3.000000,0.000000,'0'),
(5018,'毒石',2,15,0,0.000000,0.000000,'0',0,0,0,0,0,0,0,0,0,0,100,0,14,14,378,11,0.000000,90.000000,5.000000,5.000000,150.000000,0.000000,3.000000,0.000000,'0'),
(5019,'飞龙师太',2,15,0,0.000000,0.000000,'0',0,0,0,0,0,0,0,0,0,0,100,0,14,28,252,11,0.000000,90.000000,5.000000,5.000000,150.000000,0.000000,3.000000,0.000000,'0'),
(5020,'乔瘦滕',2,15,0,0.000000,0.000000,'0',0,0,0,0,0,0,0,0,0,0,100,0,28,14,126,11,0.000000,90.000000,5.000000,5.000000,150.000000,0.000000,3.000000,0.000000,'0'),
(5021,'阴魔',2,15,0,0.000000,0.000000,'0',0,0,0,0,0,0,0,0,0,0,100,0,16,16,432,11,0.000000,90.000000,5.000000,5.000000,150.000000,0.000000,3.000000,0.000000,'0'),
(5022,'乔瘦滕',2,15,0,0.000000,0.000000,'0',0,0,0,0,0,0,0,0,0,0,100,0,16,32,288,11,0.000000,90.000000,5.000000,5.000000,150.000000,0.000000,3.000000,0.000000,'0');
