INSERT INTO `npc_group` VALUES
(5001,'5001,11,13',0,13,'0'),
(5000,'5000,17|5001,12',0,13,'0'),
(5002,'5002,6,8',0,13,'0'),
(5003,'5003,11,13',0,13,'10001'),
(5272,'5272,12',0,13,'10001'),
(5004,'5004,12',0,25,'10001,10024'),
(5005,'5004,16|5005,18',0,25,'10001,10024'),
(5006,'5006,11|5007,13',0,68,'10002,10025'),
(5008,'5008,11,13,17',0,83,'10002,10025'),
(5010,'5010,6,12,8',0,88,'10002,10025'),
(5011,'5011,21,23',0,88,'10002,10025'),
(5012,'5012,11,13|5011,6,8',0,88,'10002,10025'),
(5009,'5009,7',0,98,'10002,10025'),
(5013,'5013,12|5014,6|5015,8',0,200,'10003,10004,10005,100026,100027,100028'),
(5274,'5274,6,8,11,12',0,244,'10131,10132,10140,10133,10135'),
(5275,'5275,6,8,12,17',0,255,'10131,10132,10140,10133,10135'),
(5276,'5275,7,8|5276,11,18',0,266,'10131,10132,10140,10133,10135'),
(5277,'5277,6,8,12,17',0,278,'10131,10132,10140,10133,10135'),
(5033,'5277,7|5034,15|5035,16|5036,18|5033,19',0,1444,'10131,10132,10140,10134,10244,10141'),
(5278,'5278,6,11,12|5279,17,18',0,300,'10131,10132,10140,10133,10135'),
(5279,'5278,7,8|5279,11,12,13',0,311,'10131,10132,10140,10133,10135'),
(5280,'5280,6,11,12,13|5281,18',0,323,'10131,10132,10140,10133,10135'),
(5281,'5280,8|5281,11,13,16,18',0,334,'10131,10132,10140,10133,10135'),
(5032,'5280,7,8|5281,6,17|5032,19|5282,18',0,1725,'10131,10132,10140,10134,10244,10138,10141'),
(5282,'5282,6,7,11,13|5281,16,18',0,469,'10131,10132,10140,10134,10136'),
(5283,'5283,7,8,11,12|5281,6,13,',0,484,'10131,10132,10140,10134,10136'),
(5284,'5284,6,12,16,18|5285,8,11',0,499,'10131,10132,10140,10134,10136'),
(5285,'5284,13,16,|5285,7,8,12,18',0,514,'10131,10132,10140,10134,10136'),
(5037,'5037,7|5281,21,23|5282,22|5284,17,18|5285,16',0,5981,'10131,10132,10140,10134,10139'),
(5410,'5410,7,11,12,13,17',0,400,'10200,10201,10204,10207'),
(5016,'5016,12,6,8,16,18',0,208,'10006,10007,10008,10026,10027,10028'),
(5411,'5411,6,8,12,17,22',0,415,'10200,10201,10204,10207'),
(5017,'5017,6,8,16,18',0,215,'10006,10007,10008,10026,10027,10028'),
(5412,'5412,6,7,8,12,13,18',0,430,'10200,10201,10204,10207'),
(5018,'5018,12',0,223,'10006,10007,10008,100026,100027,100028'),
(5413,'5413,6,11,12,13,18',0,445,'10200,10201,10204,10207'),
(5019,'5019,12',0,230,'10006,10007,10008,10026,10027,10028'),
(5414,'5414,7,11,13,16,18',0,460,'10200,10201,10204,10207'),
(5020,'5020,12',0,313,'10006,10007,10008,100029,100030,100031'),
(5021,'5021,7,11,12,13,18',0,313,'10006,10007,10008,10029,10030,10031'),
(5023,'5023,12',0,313,'10006,10007,10008,10029,10030,10031'),
(5415,'5415,6,8,12,17,22',0,625,'10200,10201,10204,10207'),
(5022,'5022,12',0,323,'10006,10007,10008,10029,10030,10031'),
(5049,'5049,16|5050,18|5062,6,11,12',0,323,'10006,10007,10008,10029,10030,10031'),
(5051,'5051,1,2,3|5052,7,12,17',0,323,'10006,10007,10008,10029,10030,10031'),
(5416,'5416,6,8,12,17,22',0,645,'10200,10201,10204,10207'),
(5053,'5053,17|5051,6,8|5052,11,12',0,333,'10006,10007,10008,10029,10030,10031'),
(5054,'5054,1,5,7,12,18,23',0,343,'10006,10007,10008,10029,10030,10031'),
(5417,'5417,22|5416,1,3|5415,7,8|5414,17,18',0,5823,'10199,10202,10203,10205,10206,10208'),
(5055,'5055,17',0,353,'10006,10007,10008,10029,10030,10031'),
(5056,'5056,18|5051,6,7|5052,12,13',0,363,'10009,10010,10011,10029,10030,10031'),
(5073,'5073,6,7,8,12,18',0,544,'10143,10144,10152,10245'),
(5360,'5360,7,12,16,17,18',0,544,'10143,10144,10152,10245'),
(5419,'5419,6,7,12,13,16,18',0,725,'10211,10212,10215,10218'),
(5420,'5420,18|5419,2,3,7,8,12,13,16',0,725,'10211,10212,10215,10218'),
(5057,'5057,12',0,373,'10009,10010,10011,10029,10030,10031'),
(5072,'5072,6,8,12,16|5360,18',0,559,'10143,10144,10152,10245'),
(5361,'5361,6,8,16,17,18',0,559,'10143,10144,10152,10245'),
(5421,'5421,11,12,13,23|5419,1,6,18',0,745,'10211,10212,10215,10218'),
(5422,'5422,16|5419,6,11,12,13|5421,7,17,18',0,745,'10211,10212,10215,10218'),
(5058,'5058,12',0,383,'10009,10010,10011,10029,10030,10031'),
(5089,'5089,22|5090,1,3,6,8,12',0,383,'10009,10010,10011,10029,10030,10031'),
(5088,'5088,1,3,5,9,10,14,21,22,23',0,383,'10009,10010,10011,10029,10030,10031'),
(5063,'5063,16|5064,18|5361,6,7,8|5360,17',0,2869,'10143,10144,10152,10149,10153'),
(5423,'5423,6,7,8|5419,11,12,13|5421,18',0,765,'10211,10212,10215,10218'),
(5424,'5424,21|5423,11,12,13|5421,6,16|5425,17,18',0,765,'10211,10212,10215,10218'),
(5059,'5059,12',0,393,'10009,10010,10011,10029,10030,10031'),
(5273,'5273,12',0,393,'10009,10010,10011,10029,10030,10031'),
(5091,'5091,6,8,12,17,22',0,393,'10009,10010,10011,10029,10030,10031'),
(5362,'5362,7,11,12,13,17|5295,18',0,589,'10143,10144,10152,10245,10246'),
(5294,'5294,6,7,12,18|5295,16,17',0,589,'10143,10144,10152,10245,10246'),
(5425,'5425,1,2,7,11|5423,12,13|5421,16,18',0,785,'10211,10212,10215,10218'),
(5426,'5421,6,7,8|5423,11,12,13|5425,16,18|5426,24',0,785,'10211,10212,10215,10218'),
(5092,'5092,17|5091,1,2,3，6,8',0,403,'10009,10010,10011,10029,10030,10031'),
(5061,'5061,12',0,403,'10009,10010,10011,10029,10030,10031'),
(5295,'5294,6,7,8|5295,16,17,18',0,604,'10143,10144,10152,10245,10246'),
(5409,'5409,11,12,13|5295,6,7,8',0,604,'10143,10144,10152,10245,10246'),
(5093,'5093,12',0,513,'10010,10011,10012'),
(5065,'5065,20|5066,24|5295,22|5294,6,7,8|5076,17',0,3844,'10143,10144,10152,10150,10153'),
(5427,'5427,22|5426,15|5424,20|5422,19|5420,24|5425,2,7,12,17',0,8713,'10210,10213,10214,10216,10217,10219'),
(5428,'5428,6,7,8,12|5425,13,16,18',0,1025,'10222,10223,10226,10229'),
(5429,'5429,1,6,7,12,13|5428,18,21',0,1025,'10222,10223,10226,10229'),
(5094,'5094,1,6,8,13,17,18',0,525,'10010,10011,10012,10032,10033,10034'),
(5154,'5154,8,11,12,13,16,18',0,525,'10010,10011,10012,10032,10033,10034'),
(5076,'5076,2,3,7,12|5409,18,23|5294,16',0,788,'10143,10144,10152,10145,10147'),
(5363,'5363,1,6,7,12,13|5409,16|5297,18',0,788,'10143,10144,10152,10145,10147'),
(5430,'5430,2,6,8|5428,9,12,13|5429,15,21',0,1050,'10222,10223,10226,10229'),
(5431,'5431,2,6,8,10,17|5429,14|5430,16,18',0,1050,'10222,10223,10226,10229'),
(5095,'5095,22|5094,1,8,13,17',0,538,'10010,10011,10012,10032,10033,10034'),
(5297,'5297,6,7,8,13|5409,16,18|5363,12',0,806,'10143,10144,10152,10145,10147'),
(5364,'5364,1,2,3,13|5409,7,11|5296,12',0,806,'10143,10144,10152,10145,10147'),
(5067,'5067,21|5068,23|5409,16,18|5364,8,11|5296,12|5363,19',0,4031,'10143,10144,10152,10150,10153,10146,10146'),
(5432,'5432,21,23,17|5431,6,8,11,13|5430,6,7',0,1075,'10222,10223,10226,10229'),
(5096,'5096,12',0,550,'10010,10011,10012,10032,10033,10034'),
(5097,'5097,12',0,550,'10010,10011,10012,10032,10033,10034'),
(5155,'5155,6,7,8,11,12,13,16',0,550,'10010,10011,10012,10032,10033,10034'),
(5296,'5296,6,7,12,13|5364,18|5409,8,16',0,825,'10143,10144,10152,10145,10147'),
(5365,'5365,6,8|5074,11,12,13|5409,15,16',0,825,'10143,10144,10152,10145,10147'),
(5433,'5433,6,7,8|5431,11,12|5432,13,17,18,19',0,1100,'10222,10223,10226,10229'),
(5098,'5098,6,8,11,12,16',0,563,'10010,10011,10012,10032,10033,10034'),
(5074,'5365,7|5074,11,12,13|5409,15,17,19',0,844,'10143,10144,10152,10145,10147'),
(5366,'5366,5,6,7,8,24|5365,9|5409,14,19',0,844,'10143,10144,10152,10145,10147'),
(5434,'5434,1,2,3,7|5432,12,17|5433,22,23',0,1125,'10222,10223,10226,10229'),
(5099,'5099,6,11,12,16,17,18',0,575,'10012,10013,10014,10032,10033,10034'),
(5156,'5156,11|5157,13',0,575,'10012,10013,10014,10032,10033,10034'),
(5071,'5071,19|5070,16|5069,9|5366,11,12,13|5409,7,8|5365,15',0,9488,'10143,10144,10152,10151,10154,10242,10146,10148'),
(5435,'5435,21|5434,17,18,22|5433,1,4|5432,7,8,9,10',0,9775,'10221,10224,10225,10227,10228,10230'),
(5436,'5436,6,7,8,12,13|5437,16,18',0,1150,'10233,10234,10237,10240'),
(5437,'5437,6,7,12,13|5434,16|5436,18,19',0,1150,'10233,10234,10237,10241'),
(5100,'5100,1,3,5,9,10,14,21,22,23',0,588,'10012,10013,10014,10032,10033,10034'),
(5438,'5438,2,6,8,9|5439,12,13|5437,15,21',0,1175,'10233,10234,10237,10242'),
(5439,'5439,0,4,6,7,8|5437,10|5438,14,15',0,1175,'10233,10234,10237,10243'),
(5293,'5293,1,3,5,7,9,11,12,13,17',0,600,'10012,10013,10014,10032,10033,10034'),
(5440,'5440,0,1,4,12|5438,13,14|5439,16,17',0,1200,'10233,10234,10237,10244'),
(5441,'5441,1,6,11,7,12,17,13,18',0,1200,'10233,10234,10237,10245'),
(5101,'5101,6,8,11,12,16',0,613,'10012,10013,10014,10032,10033,10034'),
(5442,'5442,0,1,2,3,6|5443,8,12,17',0,1225,'10233,10234,10237,10246'),
(5443,'5443,1,6,11,12,13|5442,18,23',0,1225,'10233,10234,10237,10247'),
(5102,'5102,18|5100,1,3,7,12',0,625,'10012,10013,10014,10032,10033,10034'),
(5444,'5444,6,7,8|5446,11,12|5442,13,16|5443,17,18',0,1250,'10233,10234,10237,10248'),
(5104,'5104,11,13',0,763,'10012,10013,10014,10032,10033,10034'),
(5298,'5298,6,7,8,16,17|5221,18',0,1144,'10155,10156,10162'),
(5367,'5367,7,11,12,13|5221,17,18',0,1144,'10155,10156,10162'),
(5445,'5445,22|5444,1,2,3|5443,7,11,12,13,16,17',0,12963,'10232,10235,10236,10238,10239,10241'),
(5446,'5446,6,7,12,13|5447,18,19',0,1525,'10012,10013,10014,10035,10036,10037'),
(5447,'5447,1,6,7,12|5448,13|5446,18,21',0,1525,'10012,10013,10014,10035,10036,10037'),
(5105,'5105,12',0,778,'10012,10013,10014,10035,10036,10037'),
(5221,'5367,10,22|5221,6,7,17,18',0,1166,'10155,10156,10162'),
(5368,'5368,6,8,11,12,16|5367,10',0,1166,'10155,10156,10162'),
(5448,'5448,2,6,8,9|5446,12,13|5447,15,21',0,1555,'10012,10013,10014,10035,10036,10037'),
(5449,'5447,6,11,12|5448,13,16|5449,17,18,21',0,1555,'10012,10013,10014,10035,10036,10037'),
(5106,'5106,6,8,11,12,16',0,793,'10012,10013,10014,10035,10036,10037'),
(5214,'5214,20|5368,12,16,17,18|5215,24|5367,6',0,5944,'10155,10156,10162,10248'),
(5450,'5450,1,3,6,8|5451,12,17|5449,22,23',0,1585,'10012,10013,10014,10035,10036,10037'),
(5451,'5451,1,6,11,7|5448,12|5449,17,13|5450,18',0,1585,'10012,10013,10014,10035,10036,10037'),
(5107,'5107,17|5109,16|5110,18,|5106,1,2,3,7',0,808,'10012,10013,10014,10035,10036,10037'),
(5218,'5218,6,7,8,11,12|5368,13,18',0,1211,'10155,10156,10162,10247'),
(5369,'5369,6,7,8,13|5217,18|5368,16,17',0,1211,'10155,10156,10162,10247'),
(5452,'5450,1,3|5451,5,6,7|5452,8,12,14',0,1615,'10012,10013,10014,10035,10036,10037'),
(5453,'5453,1,6,11|5452,12|5454,13,18,23',0,1615,'10012,10013,10014,10035,10036,10037'),
(5108,'5108,12',0,823,'10012,10013,10014,10035,10036,10037'),
(5313,'5313,12',0,823,'10012,10013,10014,10035,10036,10037'),
(5217,'5217,6,7,12,13,18|5368,21,22',0,1234,'10155,10156,10162,10247'),
(5370,'5370,6,7,8,13,18|5369,1,2',0,1234,'10155,10156,10162,10247'),
(5454,'5454,1,2,3|5453,4,5,6,7,8|5455,12,17',0,1645,'10012,10013,10014,10035,10036,10037'),
(5455,'5455,2,7,10,11|5454,12,13,14|5453,17,22',0,1645,'10012,10013,10014,10035,10036,10037'),
(5314,'5314,12',0,838,'10015,10016,10017,10035,10036,10037'),
(5213,'5213,22|5369,6,7,8|5370,11,12,16|5220,18',0,6281,'10155,10156,10162,10159,10163'),
(5456,'5456,23|5455,1,6,7,8|5454,13,18|5457,21,22',0,14238,'10015,10016,10017,10035,10036,10037'),
(5457,'5457,2,6,8,9|5455,12,13|5459,15,21',0,1675,'10015,10016,10017,10035,10036,10037'),
(5458,'5458,0,4,6|5459,7,8|5457,10,14,15',0,1675,'10015,10016,10017,10035,10036,10037'),
(5216,'5370,1,2|5216,6,7,12,13|5368,16',0,1279,'10155,10156,10162,10247,10248'),
(5371,'5369,2,3|5371,6,8,12,13,16',0,1279,'10155,10156,10162,10247,10248'),
(5459,'5459,21,22,23|5460,15,16|5457,12,13|5458,1,2',0,1705,'10015,10016,10017,10035,10036,10037'),
(5460,'5460,17,18,19|5459,10,11|5458,6,7,8',0,1705,'10015,10016,10017,10035,10036,10037'),
(5220,'5220,16,18|5218,1,2|5216,6,7,8',0,1301,'10155,10156,10162,10247,10248'),
(5372,'5372,18,19|5371,6,7,12,13,16',0,1301,'10155,10156,10162,10247,10248'),
(5461,'5461,20,21,22|5462,16,18|5460,1,3,7',0,1735,'10015,10016,10017,10035,10036,10037'),
(5462,'5462,21,22,23|5461,15,19|5459,10,11,12',0,1735,'10015,10016,10017,10035,10036,10037'),
(5119,'5119,12',0,883,'10015,10016,10017,10035,10036,10037'),
(5124,'5124,1,3,6,8,12,17',0,883,'10015,10016,10017,10035,10036,10037'),
(5212,'5212,23|5371,6,7,8,11|5370,12,17|5372,22,24',0,6619,'10155,10156,10162,10160,10163,10159,10157'),
(5463,'5463,1,6,8,9|5462,12,13,16|5462,18,21',0,1765,'10015,10016,10017,10035,10036,10037'),
(5120,'5120,12',0,898,'10015,10016,10017,10035,10036,10037'),
(5299,'5299,6,7,8,11|5371,12,13|5372,18',0,1346,'10155,10156,10162,10247,10248'),
(5373,'5372,17|5373,6,11,12,13,16,18',0,1346,'10155,10156,10162,10247,10248'),
(5464,'5464,1,2,3,7,11|5463,12,13,15|5458,19,23',0,1795,'10015,10016,10017,10035,10036,10037'),
(5121,'5121,7|5122,17',0,1063,'10015,10016,10017,10038,10039,10040'),
(5123,'5123,0,2,4,6,8,12',0,1063,'10015,10016,10017,10038,10039,10040'),
(5132,'5132,12',0,1063,'10015,10016,10017,10038,10039,10040'),
(5133,'5133,12',0,1063,'10015,10016,10017,10038,10039,10040'),
(5137,'5137,6,11,12,16,17,18',0,1063,'10015,10016,10017,10038,10039,10040'),
(5219,'5371,9|5219,11,12,16,18|5372,17|5373,6,8',0,1594,'10155,10156,10162,10157,10158'),
(5374,'5371,8,9|5374,11,12,13,16,18|5372,17|5373,7',0,1594,'10155,10156,10162,10157,10158'),
(5211,'5370,9|5211,22|5373,6,7,8,11,12,13|5372,16,18',0,17531,'10155,10156,10162,10161,10164,10243,10158'),
(5465,'5465,22|5464,21,23|5463,1,2,3,5,9|5459,11,12,13',0,18063,'10015,10016,10017,10038,10039,10040'),
(5134,'5134,12',0,1080,'10015,10016,10017,10038,10039,10040'),
(5140,'5140,1,2,3,7,12,13,18',0,1080,'10015,10016,10017,10038,10039,10040'),
(5135,'5135,1,3,5,9,10,14,21,22,23',0,1098,'10015,10016,10017,10038,10039,10040'),
(5141,'5141,11|5142,13',0,1098,'10015,10016,10017,10038,10039,10040'),
(5136,'5136,12',0,1115,'10015,10016,10017,10038,10039,10040'),
(5138,'5138,17|5139,0,1,2,3,4,5,6,8,11,13',0,1115,'10015,10016,10017,10038,10039,10040'),
(5143,'5143,11|4144,13',0,1115,'10015,10016,10017,10038,10039,10040'),
(5147,'5147,1,2,3,7,12,13,18',0,1115,'10015,10016,10017,10038,10039,10040'),
(5125,'5125,6,7,8,11,12,13',0,1150,'10018,10019,10020,10038,10039,10040'),
(5146,'5146,12',0,1150,'10018,10019,10020,10038,10039,10040'),
(5126,'5126,11,13',0,1168,'10018,10019,10020,10038,10039,10040'),
(5128,'5128,11|5129,13',0,1185,'10018,10019,10020,10038,10039,10040'),
(5148,'5148,6,11,12,13,16,18',0,1413,'10018,10019,10020,10038,10039,10040'),
(5149,'5149,8,11,12,13,16,18',0,1433,'10018,10019,10020,10041,10042,10043'),
(5150,'5150,6,7,12,13,18,19',0,1453,'10018,10019,10020,10041,10042,10043'),
(5151,'5151,7,11,12,13,17',0,1473,'10018,10019,10020,10041,10042,10043'),
(5152,'5152,6,7,8,11,12,13,16',0,1473,'10018,10019,10020,10041,10042,10043'),
(5131,'5131,7,11,12,13,17',0,1493,'10018,10019,10020,10041,10042,10043'),
(5153,'5153,6,11,12,13,16,18',0,1513,'10021,10022,10023,10041,10042,10043'),
(5158,'5158,6|5130,12|5145,18',0,1813,'10021,10022,10023,10044,10045,10046'),
(5159,'5159,12',0,1835,'10021,10022,10023,10044,10045,10046'),
(5160,'5160,12',0,1858,'10021,10022,10023,10044,10045,10046'),
(5161,'5161,12',0,1880,'10021,10022,10023,10044,10045,10046'),
(5191,'5191,12',0,1903,'10021,10022,10023,10044,10045,10046'),
(5163,'5163,6,7,8,11,12,13,16,18,19',0,1925,'10021,10022,10023,10044,10045,10046'),
(5165,'5165,1,2,3,5,7,12,13,18',0,1948,'10021,10022,10023,10044,10045,10046'),
(5166,'5166,0,1,2,3,4,5,7,9,11,12,13',0,1970,'10021,10022,10023,10044,10045,10046'),
(5167,'5167,0,1,2,3,4,5,6,8,11,13',0,1993,'10021,10022,10023,10044,10045,10046'),
(5169,'5169,22|5418,7',0,1993,'10021,10022,10023,10044,10045,10046'),
(5322,'5322,1,2,3,7,8,9,11,12,13,18',0,575,'10012,10013,10014,10032,10033,10034'),
(5323,'5323,22|5199,1,2,3,7,8,9,11,12,13,18',0,2015,'10021,10022,10023,10044,10045,10046'),
(5199,'5199,1,2,3,7,8,9,11,12,13,18,20',0,1993,'10021,10022,10023,10044,10045,10046'),
(5198,'5198,17|5407,2,3,7,11,12',0,2015,'10021,10022,10023,10044,10045,10046'),
(5196,'5196,17|5403,0,4|5199,1,2,3,6,7',0,2038,'10021,10022,10023,10044,10045,10046'),
(5194,'5195,23|5194,22|5407,2,3|5403,7,8|5199,11',0,1993,'10021,10022,10023,10044,10045,10046'),
(5193,'5193,22|5404,1,2,6,7',0,2015,'10021,10022,10023,10044,10045,10046'),
(5192,'5192,1,2,3,4,5,6,12,13,17,18',0,1413,'10018,10019,10020,10038,10039,10040'),
(5190,'5190,2,3,4,5,6,7,8,12,13,17,18',0,1413,'10018,10019,10020,10038,10039,10040'),
(5170,'5170,2,3,4,5,6,7,8,12,13,17,18',0,1573,'10018,10019,10020,10038,10039,10040'),
(5171,'5171,22|5208,1,2,6,8,12',0,1593,'10018,10019,10020,10038,10039,10040'),
(5172,'5172,12|5407,2,3|5403,7,8|5199,11',0,1813,'10021,10022,10023,10044,10045,10046'),
(5173,'5173,12|5407,2,3|5403,7,8|5199,11',0,1813,'10021,10022,10023,10044,10045,10046'),
(5174,'5174,12|5407,2,3|5403,7,8|5199,11',0,838,'10015,10016,10017,10035,10036,10037'),
(5175,'5175,17|5387,1,2,,7,8,13,14',0,1063,'10015,10016,10017,10038,10039,10040'),
(5176,'5176,22|5177,23|5379,1,3,7,12,17',0,853,'10015,10016,10017,10035,10036,10037'),
(5178,'5178,0,1,2,3,4,5,6,7,8,9,10,14',0,868,'10015,10016,10017,10035,10036,10037'),
(5179,'5179,22|5381,5,7,9,11',0,883,'10015,10016,10017,10035,10036,10037'),
(5180,'5180,22|5394,2,6,8,10,14',0,1533,'10021,10022,10023,10041,10042,10043'),
(5181,'5181,24|5183,0,4,6,8,12,16,18,20',0,1553,'10021,10022,10023,10041,10042,10043'),
(5182,'5182,24|5209,0,6,12,18',0,1513,'10021,10022,10023,10041,10042,10043'),
(5183,'5183,2,7,10,11,12,13,14,17,22',0,1573,'10021,10022,10023,10041,10042,10043'),
(5184,'5184,22|5342,2,7,12,17',0,1573,'10021,10022,10023,10041,10042,10043'),
(5185,'5185,2,3,4,5,6,7,8,12,13,17,18',0,1203,'10018,10019,10020,10038,10039,10040'),
(5186,'5186,21|5187,22|5188,23|5390,2,7,11',0,1220,'10018,10019,10020,10038,10039,10040'),
(5189,'5189,17|5390,1,2,7,11',0,1185,'10018,10019,10020,10038,10039,10040'),
(5466,'5466,12',0,31250,'10249,10139,10256'),
(5467,'5467,12',0,31250,'10250,10139,10257'),
(5468,'5468,13',0,31250,'10251,10139,10258'),
(5469,'5469,13',0,31250,'10252,10151,10253'),
(5162,'5162,12',0,51250,'10249,10151,10259'),
(5473,'5473,12',0,51250,'10250,10151,10260'),
(5474,'5474,12',0,51250,'10251,10151,10261'),
(5475,'5475,12',0,51250,'10252,10242,10254'),
(5103,'5103,12',0,76250,'10249,10161,10262'),
(5470,'5470,12',0,76250,'10250,10161,10263'),
(5471,'5471,12',0,76250,'10251,10161,10264'),
(5472,'5472,12',0,76250,'10252,10243,10255'),
(5168,'5168,12',0,106250,'0'),
(5476,'5476,12',0,106250,'0'),
(5477,'5477,12',0,106250,'0'),
(5478,'5478,12',0,106250,'0'),
(5127,'5127,12',0,141250,'0'),
(5479,'5479,12',0,141250,'0'),
(5480,'5480,12',0,141250,'0'),
(5481,'5481,12',0,141250,'0'),
(5197,'5197,12',0,181250,'0'),
(5482,'5482,12',0,181250,'0'),
(5483,'5483,12',0,181250,'0'),
(5484,'5484,12',0,181250,'0'),
(5164,'5164,12',0,203750,'0'),
(5485,'5485,12',0,203750,'0'),
(5486,'5486,12',0,203750,'0'),
(5487,'5487,12',0,203750,'0');
