INSERT INTO `pet_equipExp` VALUES
(1,100,133,166,200,1),
(2,306,407,508,612,1),
(3,624,830,1036,1248,1),
(4,1060,1410,1760,2120,1),
(5,1620,2155,2689,3240,1),
(6,2310,3072,3835,4620,1),
(7,3136,4171,5206,6272,1),
(8,4104,5458,6813,8208,1),
(9,5220,6943,8665,10440,2),
(10,6490,8632,10773,12980,2),
(11,7920,10534,13147,15840,2),
(12,9516,12656,15797,19032,2),
(13,11284,15008,18731,22568,2),
(14,13230,17596,21962,26460,2),
(15,15360,20429,25498,30720,2),
(16,17680,23514,29349,35360,2),
(17,20196,26861,33525,40392,2),
(18,22914,30476,38037,45828,3),
(19,25840,34367,42894,51680,3),
(20,28980,38543,48107,57960,3),
(21,32340,43012,53684,64680,3),
(22,35926,47782,59637,71852,3),
(23,39744,52860,65975,79488,3),
(24,43800,58254,72708,87600,3),
(25,48100,63973,79846,96200,3),
(26,52650,70025,87399,105300,3),
(27,57456,76416,95377,114912,4),
(28,62524,83157,103790,125048,4),
(29,67860,90254,112648,135720,4),
(30,73470,97715,121960,146940,4),
(31,79360,105549,131738,158720,4),
(32,85536,113763,141990,171072,4),
(33,92004,122365,152727,184008,4),
(34,98770,131364,163958,197540,4),
(35,105840,140767,175694,211680,4),
(36,113220,150583,187945,226440,5),
(37,120916,160818,200721,241832,5),
(38,128934,171482,214030,257868,5),
(39,137280,182582,227885,274560,5),
(40,145960,194127,242294,291920,5),
(41,154980,206123,257267,309960,5),
(42,164346,218580,272814,328692,5),
(43,174064,231505,288946,348128,5),
(44,184140,244906,305672,368280,5),
(45,194580,258791,323003,389160,6),
(46,205390,273169,340947,410780,6),
(47,216576,288046,359516,433152,6),
(48,228144,303432,378719,456288,6),
(49,240100,319333,398566,480200,6),
(50,252450,335759,419067,504900,6),
(51,265200,352716,440232,530400,6),
(52,278356,370213,462071,556712,6),
(53,291924,388259,484594,583848,6),
(54,305910,406860,507811,611820,7),
(55,320320,426026,531731,640640,7),
(56,335160,445763,556366,670320,7),
(57,350436,466080,581724,700872,7),
(58,366154,486985,607816,732308,7),
(59,382320,508486,634651,764640,7),
(60,398940,530590,662240,797880,7),
(61,416020,553307,690593,832040,7),
(62,433566,576643,719720,867132,7),
(63,451584,600607,749629,903168,8),
(64,470080,625206,780333,940160,8),
(65,489060,650450,811840,978120,8),
(66,508530,676345,844160,1017060,8),
(67,528496,702900,877303,1056992,8),
(68,548964,730122,911280,1097928,8),
(69,569940,758020,946100,1139880,8),
(70,591430,786602,981774,1182860,8),
(71,613440,815875,1018310,1226880,9);
