INSERT INTO `pet_neidan` VALUES
(1,103.000000,14.000000,14.000000,61.000000,61.000000,1.000000,1.000000,1.000000,1.000000,1.000000,1.000000),
(2,220.000000,29.000000,29.000000,131.000000,131.000000,2.000000,2.000000,3.000000,2.000000,3.000000,2.000000),
(3,344.000000,45.000000,45.000000,204.000000,204.000000,3.000000,4.000000,4.000000,4.000000,4.000000,4.000000),
(4,481.000000,63.000000,63.000000,285.000000,285.000000,5.000000,5.000000,6.000000,5.000000,6.000000,5.000000),
(5,628.000000,83.000000,83.000000,372.000000,372.000000,6.000000,7.000000,8.000000,7.000000,8.000000,7.000000),
(6,785.000000,103.000000,103.000000,465.000000,465.000000,8.000000,9.000000,10.000000,9.000000,10.000000,9.000000),
(7,951.000000,125.000000,125.000000,565.000000,565.000000,9.000000,11.000000,12.000000,11.000000,12.000000,11.000000),
(8,1128.000000,149.000000,149.000000,669.000000,669.000000,11.000000,12.000000,14.000000,12.000000,14.000000,12.000000),
(9,1315.000000,173.000000,173.000000,780.000000,780.000000,13.000000,15.000000,16.000000,15.000000,16.000000,15.000000),
(10,1516.000000,200.000000,200.000000,899.000000,899.000000,15.000000,17.000000,19.000000,17.000000,19.000000,17.000000),
(11,1723.000000,227.000000,227.000000,1022.000000,1022.000000,17.000000,19.000000,21.000000,19.000000,21.000000,19.000000),
(12,1943.000000,256.000000,256.000000,1153.000000,1153.000000,19.000000,21.000000,24.000000,21.000000,24.000000,21.000000),
(13,2173.000000,287.000000,287.000000,1289.000000,1289.000000,21.000000,24.000000,27.000000,24.000000,27.000000,24.000000),
(14,2414.000000,318.000000,318.000000,1432.000000,1432.000000,24.000000,27.000000,30.000000,27.000000,30.000000,27.000000),
(15,2664.000000,351.000000,351.000000,1581.000000,1581.000000,26.000000,29.000000,33.000000,29.000000,33.000000,29.000000),
(16,2925.000000,386.000000,386.000000,1735.000000,1735.000000,29.000000,32.000000,36.000000,32.000000,36.000000,32.000000),
(17,3198.000000,422.000000,422.000000,1898.000000,1898.000000,31.000000,35.000000,39.000000,35.000000,39.000000,35.000000),
(18,3479.000000,459.000000,459.000000,2064.000000,2064.000000,34.000000,38.000000,43.000000,38.000000,43.000000,38.000000),
(19,3773.000000,497.000000,497.000000,2238.000000,2238.000000,37.000000,42.000000,46.000000,42.000000,46.000000,42.000000),
(20,4076.000000,537.000000,537.000000,2418.000000,2418.000000,40.000000,45.000000,50.000000,45.000000,50.000000,45.000000),
(21,4390.000000,579.000000,579.000000,2605.000000,2605.000000,43.000000,48.000000,54.000000,48.000000,54.000000,48.000000),
(22,4714.000000,622.000000,622.000000,2797.000000,2797.000000,46.000000,52.000000,58.000000,52.000000,58.000000,52.000000),
(23,5048.000000,666.000000,666.000000,2995.000000,2995.000000,50.000000,56.000000,62.000000,56.000000,62.000000,56.000000),
(24,5392.000000,711.000000,711.000000,3199.000000,3199.000000,53.000000,60.000000,66.000000,60.000000,66.000000,60.000000),
(25,5746.000000,758.000000,758.000000,3409.000000,3409.000000,56.000000,63.000000,70.000000,63.000000,70.000000,63.000000),
(26,6113.000000,806.000000,806.000000,3627.000000,3627.000000,60.000000,67.000000,75.000000,67.000000,75.000000,67.000000),
(27,6490.000000,856.000000,856.000000,3851.000000,3851.000000,64.000000,72.000000,80.000000,72.000000,80.000000,72.000000),
(28,6874.000000,906.000000,906.000000,4078.000000,4078.000000,67.000000,76.000000,84.000000,76.000000,84.000000,76.000000),
(29,7271.000000,959.000000,959.000000,4314.000000,4314.000000,71.000000,80.000000,89.000000,80.000000,89.000000,80.000000),
(30,7679.000000,1012.000000,1012.000000,4556.000000,4556.000000,75.000000,85.000000,94.000000,85.000000,94.000000,85.000000),
(31,8099.000000,1068.000000,1068.000000,4805.000000,4805.000000,79.000000,89.000000,99.000000,89.000000,99.000000,89.000000),
(32,8527.000000,1124.000000,1124.000000,5059.000000,5059.000000,84.000000,94.000000,105.000000,94.000000,105.000000,94.000000),
(33,8964.000000,1182.000000,1182.000000,5318.000000,5318.000000,88.000000,99.000000,110.000000,99.000000,110.000000,99.000000),
(34,9415.000000,1241.000000,1241.000000,5586.000000,5586.000000,92.000000,104.000000,115.000000,104.000000,115.000000,104.000000),
(35,9875.000000,1302.000000,1302.000000,5859.000000,5859.000000,97.000000,109.000000,121.000000,109.000000,121.000000,109.000000),
(36,10346.000000,1364.000000,1364.000000,6138.000000,6138.000000,101.000000,114.000000,127.000000,114.000000,127.000000,114.000000),
(37,10827.000000,1427.000000,1427.000000,6423.000000,6423.000000,106.000000,119.000000,133.000000,119.000000,133.000000,119.000000),
(38,11318.000000,1492.000000,1492.000000,6715.000000,6715.000000,111.000000,125.000000,139.000000,125.000000,139.000000,125.000000),
(39,11818.000000,1558.000000,1558.000000,7012.000000,7012.000000,116.000000,130.000000,145.000000,130.000000,145.000000,130.000000),
(40,12329.000000,1626.000000,1626.000000,7315.000000,7315.000000,121.000000,136.000000,151.000000,136.000000,151.000000,136.000000),
(41,12853.000000,1695.000000,1695.000000,7626.000000,7626.000000,126.000000,142.000000,158.000000,142.000000,158.000000,142.000000),
(42,13384.000000,1765.000000,1765.000000,7941.000000,7941.000000,131.000000,148.000000,164.000000,148.000000,164.000000,148.000000),
(43,13928.000000,1836.000000,1836.000000,8264.000000,8264.000000,137.000000,154.000000,171.000000,154.000000,171.000000,154.000000),
(44,14483.000000,1909.000000,1909.000000,8592.000000,8592.000000,142.000000,160.000000,178.000000,160.000000,178.000000,160.000000),
(45,15047.000000,1984.000000,1984.000000,8927.000000,8927.000000,148.000000,166.000000,185.000000,166.000000,185.000000,166.000000),
(46,15621.000000,2060.000000,2060.000000,9268.000000,9268.000000,153.000000,172.000000,192.000000,172.000000,192.000000,172.000000),
(47,16205.000000,2137.000000,2137.000000,9614.000000,9614.000000,159.000000,179.000000,199.000000,179.000000,199.000000,179.000000),
(48,16803.000000,2215.000000,2215.000000,9969.000000,9969.000000,165.000000,185.000000,206.000000,185.000000,206.000000,185.000000),
(49,17407.000000,2295.000000,2295.000000,10327.000000,10327.000000,171.000000,192.000000,213.000000,192.000000,213.000000,192.000000),
(50,18025.000000,2376.000000,2376.000000,10694.000000,10694.000000,177.000000,199.000000,221.000000,199.000000,221.000000,199.000000),
(51,18652.000000,2459.000000,2459.000000,11066.000000,11066.000000,183.000000,206.000000,229.000000,206.000000,229.000000,206.000000),
(52,19290.000000,2543.000000,2543.000000,11445.000000,11445.000000,189.000000,213.000000,237.000000,213.000000,237.000000,213.000000),
(53,19938.000000,2629.000000,2629.000000,11829.000000,11829.000000,196.000000,220.000000,244.000000,220.000000,244.000000,220.000000),
(54,20596.000000,2715.000000,2715.000000,12219.000000,12219.000000,202.000000,227.000000,253.000000,227.000000,253.000000,227.000000),
(55,21263.000000,2803.000000,2803.000000,12615.000000,12615.000000,209.000000,235.000000,261.000000,235.000000,261.000000,235.000000),
(56,21944.000000,2893.000000,2893.000000,13019.000000,13019.000000,215.000000,242.000000,269.000000,242.000000,269.000000,242.000000),
(57,22632.000000,2984.000000,2984.000000,13427.000000,13427.000000,222.000000,250.000000,278.000000,250.000000,278.000000,250.000000),
(58,23333.000000,3076.000000,3076.000000,13843.000000,13843.000000,229.000000,258.000000,286.000000,258.000000,286.000000,258.000000),
(59,24044.000000,3170.000000,3170.000000,14265.000000,14265.000000,236.000000,265.000000,295.000000,265.000000,295.000000,265.000000),
(60,24765.000000,3265.000000,3265.000000,14693.000000,14693.000000,243.000000,273.000000,304.000000,273.000000,304.000000,273.000000),
(61,25497.000000,3362.000000,3362.000000,15127.000000,15127.000000,250.000000,281.000000,313.000000,281.000000,313.000000,281.000000),
(62,26238.000000,3459.000000,3459.000000,15566.000000,15566.000000,257.000000,290.000000,322.000000,290.000000,322.000000,290.000000),
(63,26992.000000,3559.000000,3559.000000,16014.000000,16014.000000,265.000000,298.000000,331.000000,298.000000,331.000000,298.000000),
(64,27753.000000,3659.000000,3659.000000,16466.000000,16466.000000,272.000000,306.000000,340.000000,306.000000,340.000000,306.000000),
(65,28528.000000,3761.000000,3761.000000,16925.000000,16925.000000,280.000000,315.000000,350.000000,315.000000,350.000000,315.000000),
(66,29309.000000,3864.000000,3864.000000,17389.000000,17389.000000,288.000000,323.000000,359.000000,323.000000,359.000000,323.000000),
(67,30104.000000,3969.000000,3969.000000,17860.000000,17860.000000,295.000000,332.000000,369.000000,332.000000,369.000000,332.000000),
(68,30908.000000,4075.000000,4075.000000,18338.000000,18338.000000,303.000000,341.000000,379.000000,341.000000,379.000000,341.000000),
(69,31723.000000,4182.000000,4182.000000,18821.000000,18821.000000,311.000000,350.000000,389.000000,350.000000,389.000000,350.000000),
(70,32551.000000,4292.000000,4292.000000,19312.000000,19312.000000,319.000000,359.000000,399.000000,359.000000,399.000000,359.000000),
(71,33386.000000,4402.000000,4402.000000,19807.000000,19807.000000,328.000000,368.000000,409.000000,368.000000,409.000000,368.000000);
