INSERT INTO `pet_eqAttreffect` VALUES
(1,1156.000000,152.000000,173.000000,686.000000,1371.000000,7.900000,8.900000,9.900000,8.900000,9.900000,8.900000),
(2,1323.000000,175.000000,198.000000,785.000000,1570.000000,9.100000,10.200000,11.300000,10.200000,11.300000,10.200000),
(3,1499.000000,198.000000,225.000000,889.000000,1779.000000,10.300000,11.600000,12.800000,11.600000,12.800000,11.600000),
(4,1695.000000,224.000000,254.000000,1005.000000,2011.000000,11.600000,13.100000,14.500000,13.100000,14.500000,13.100000),
(5,1905.000000,251.000000,286.000000,1130.000000,2260.000000,13.100000,14.700000,16.300000,14.700000,16.300000,14.700000),
(6,2129.000000,281.000000,319.000000,1263.000000,2526.000000,14.600000,16.500000,18.200000,16.500000,18.200000,16.500000),
(7,2367.000000,312.000000,355.000000,1404.000000,2809.000000,16.200000,18.300000,20.300000,18.300000,20.300000,18.300000),
(8,2620.000000,346.000000,393.000000,1554.000000,3109.000000,18.000000,20.300000,22.400000,20.300000,22.400000,20.300000),
(9,2887.000000,381.000000,433.000000,1713.000000,3426.000000,19.800000,22.300000,24.700000,22.300000,24.700000,22.300000),
(10,3173.000000,418.000000,476.000000,1883.000000,3765.000000,21.800000,24.500000,27.200000,24.500000,27.200000,24.500000),
(11,3469.000000,457.000000,521.000000,2058.000000,4116.000000,23.800000,26.800000,29.700000,26.800000,29.700000,26.800000),
(12,3784.000000,499.000000,568.000000,2245.000000,4490.000000,26.000000,29.200000,32.400000,29.200000,32.400000,29.200000),
(13,4113.000000,542.000000,618.000000,2440.000000,4880.000000,28.200000,31.800000,35.300000,31.800000,35.300000,31.800000),
(14,4456.000000,588.000000,669.000000,2644.000000,5288.000000,30.600000,34.400000,38.200000,34.400000,38.200000,34.400000),
(15,4814.000000,635.000000,723.000000,2856.000000,5712.000000,33.000000,37.200000,41.300000,37.200000,41.300000,37.200000),
(16,5186.000000,684.000000,779.000000,3077.000000,6153.000000,35.600000,40.100000,44.500000,40.100000,44.500000,40.100000),
(17,5577.000000,735.000000,838.000000,3309.000000,6618.000000,38.300000,43.100000,47.800000,43.100000,47.800000,43.100000),
(18,5978.000000,788.000000,898.000000,3546.000000,7093.000000,41.000000,46.200000,51.300000,46.200000,51.300000,46.200000),
(19,6397.000000,844.000000,961.000000,3795.000000,7591.000000,43.900000,49.400000,54.900000,49.400000,54.900000,49.400000),
(20,6831.000000,901.000000,1026.000000,4053.000000,8106.000000,46.900000,52.800000,58.600000,52.800000,58.600000,52.800000),
(21,7280.000000,960.000000,1094.000000,4319.000000,8638.000000,50.000000,56.200000,62.400000,56.200000,62.400000,56.200000),
(22,7742.000000,1021.000000,1163.000000,4593.000000,9187.000000,53.100000,59.800000,66.400000,59.800000,66.400000,59.800000),
(23,8219.000000,1084.000000,1235.000000,4876.000000,9753.000000,56.400000,63.500000,70.500000,63.500000,70.500000,63.500000),
(24,8711.000000,1149.000000,1309.000000,5168.000000,10336.000000,59.800000,67.300000,74.700000,67.300000,74.700000,67.300000),
(25,9216.000000,1215.000000,1385.000000,5468.000000,10935.000000,63.300000,71.200000,79.100000,71.200000,79.100000,71.200000),
(26,9741.000000,1284.000000,1464.000000,5779.000000,11558.000000,66.900000,75.300000,83.600000,75.300000,83.600000,75.300000),
(27,10280.000000,1355.000000,1545.000000,6099.000000,12197.000000,70.600000,79.400000,88.200000,79.400000,88.200000,79.400000),
(28,10828.000000,1428.000000,1627.000000,6424.000000,12848.000000,74.300000,83.700000,92.900000,83.700000,92.900000,83.700000),
(29,11396.000000,1503.000000,1712.000000,6761.000000,13522.000000,78.200000,88.000000,97.800000,88.000000,97.800000,88.000000),
(30,11978.000000,1579.000000,1800.000000,7106.000000,14212.000000,82.200000,92.500000,102.800000,92.500000,102.800000,92.500000),
(31,12578.000000,1658.000000,1890.000000,7463.000000,14925.000000,86.400000,97.200000,107.900000,97.200000,107.900000,97.200000),
(32,13189.000000,1739.000000,1982.000000,7825.000000,15650.000000,90.500000,101.900000,113.200000,101.900000,113.200000,101.900000),
(33,13814.000000,1821.000000,2076.000000,8195.000000,16391.000000,94.800000,106.700000,118.500000,106.700000,118.500000,106.700000),
(34,14458.000000,1906.000000,2172.000000,8577.000000,17155.000000,99.300000,111.700000,124.000000,111.700000,124.000000,111.700000),
(35,15116.000000,1993.000000,2271.000000,8968.000000,17936.000000,103.800000,116.800000,129.700000,116.800000,129.700000,116.800000),
(36,15788.000000,2082.000000,2372.000000,9367.000000,18734.000000,108.400000,122.000000,135.500000,122.000000,135.500000,122.000000),
(37,16475.000000,2172.000000,2476.000000,9774.000000,19549.000000,113.100000,127.300000,141.400000,127.300000,141.400000,127.300000),
(38,17176.000000,2265.000000,2581.000000,10190.000000,20381.000000,117.900000,132.700000,147.400000,132.700000,147.400000,132.700000),
(39,17892.000000,2359.000000,2689.000000,10615.000000,21230.000000,122.800000,138.200000,153.500000,138.200000,153.500000,138.200000),
(40,18621.000000,2455.000000,2798.000000,11048.000000,22095.000000,127.800000,143.900000,159.800000,143.900000,159.800000,143.900000),
(41,19370.000000,2554.000000,2911.000000,11492.000000,22984.000000,133.000000,149.600000,166.200000,149.600000,166.200000,149.600000),
(42,20128.000000,2654.000000,3025.000000,11942.000000,23884.000000,138.200000,155.500000,172.700000,155.500000,172.700000,155.500000),
(43,20906.000000,2756.000000,3142.000000,12403.000000,24806.000000,143.500000,161.500000,179.400000,161.500000,179.400000,161.500000),
(44,21697.000000,2861.000000,3261.000000,12873.000000,25746.000000,149.000000,167.600000,186.200000,167.600000,186.200000,167.600000),
(45,22504.000000,2967.000000,3382.000000,13351.000000,26702.000000,154.500000,173.900000,193.100000,173.900000,193.100000,173.900000),
(46,23324.000000,3075.000000,3505.000000,13838.000000,27675.000000,160.100000,180.200000,200.100000,180.200000,200.100000,180.200000),
(47,24158.000000,3185.000000,3631.000000,14333.000000,28666.000000,165.900000,186.600000,207.300000,186.600000,207.300000,186.600000),
(48,25012.000000,3298.000000,3759.000000,14839.000000,29679.000000,171.700000,193.200000,214.600000,193.200000,214.600000,193.200000),
(49,25875.000000,3412.000000,3889.000000,15352.000000,30703.000000,177.700000,199.900000,222.000000,199.900000,222.000000,199.900000),
(50,26758.000000,3528.000000,4021.000000,15875.000000,31750.000000,183.700000,206.700000,229.600000,206.700000,229.600000,206.700000),
(51,27654.000000,3646.000000,4156.000000,16407.000000,32814.000000,189.900000,213.600000,237.300000,213.600000,237.300000,213.600000),
(52,28565.000000,3766.000000,4293.000000,16947.000000,33895.000000,196.100000,220.700000,245.100000,220.700000,245.100000,220.700000),
(53,29491.000000,3888.000000,4432.000000,17496.000000,34993.000000,202.500000,227.800000,253.100000,227.800000,253.100000,227.800000),
(54,30430.000000,4012.000000,4573.000000,18054.000000,36108.000000,208.900000,235.100000,261.100000,235.100000,261.100000,235.100000),
(55,31384.000000,4138.000000,4717.000000,18620.000000,37239.000000,215.500000,242.500000,269.300000,242.500000,269.300000,242.500000),
(56,32357.000000,4266.000000,4863.000000,19197.000000,38394.000000,222.200000,250.000000,277.700000,250.000000,277.700000,250.000000),
(57,33339.000000,4396.000000,5010.000000,19780.000000,39560.000000,228.900000,257.600000,286.100000,257.600000,286.100000,257.600000),
(58,34341.000000,4528.000000,5161.000000,20374.000000,40748.000000,235.800000,265.300000,294.700000,265.300000,294.700000,265.300000),
(59,35357.000000,4662.000000,5314.000000,20977.000000,41954.000000,242.800000,273.100000,303.400000,273.100000,303.400000,273.100000),
(60,36387.000000,4797.000000,5468.000000,21588.000000,43176.000000,249.800000,281.100000,312.300000,281.100000,312.300000,281.100000),
(61,37432.000000,4935.000000,5625.000000,22208.000000,44415.000000,257.000000,289.200000,321.200000,289.200000,321.200000,289.200000),
(62,38490.000000,5075.000000,5785.000000,22836.000000,45672.000000,264.300000,297.400000,330.300000,297.400000,330.300000,297.400000),
(63,39568.000000,5217.000000,5947.000000,23475.000000,46951.000000,271.700000,305.700000,339.600000,305.700000,339.600000,305.700000),
(64,40656.000000,5360.000000,6110.000000,24120.000000,48241.000000,279.200000,314.100000,348.900000,314.100000,348.900000,314.100000),
(65,41762.000000,5506.000000,6276.000000,24777.000000,49554.000000,286.700000,322.600000,358.400000,322.600000,358.400000,322.600000),
(66,42878.000000,5653.000000,6444.000000,25439.000000,50878.000000,294.400000,331.300000,368.000000,331.300000,368.000000,331.300000),
(67,44013.000000,5803.000000,6615.000000,26113.000000,52225.000000,302.200000,340.000000,377.700000,340.000000,377.700000,340.000000),
(68,45163.000000,5954.000000,6787.000000,26794.000000,53589.000000,310.100000,348.900000,387.600000,348.900000,387.600000,348.900000),
(69,46326.000000,6108.000000,6962.000000,27485.000000,54970.000000,318.100000,357.900000,397.600000,357.900000,397.600000,357.900000),
(70,47509.000000,6264.000000,7140.000000,28187.000000,56373.000000,326.200000,367.000000,407.700000,367.000000,407.700000,367.000000),
(71,48702.000000,6421.000000,7319.000000,28894.000000,57788.000000,334.400000,376.200000,418.000000,376.200000,418.000000,376.200000);
