INSERT INTO `pet_sevensoulupgrade` VALUES
(1,1,'52',0),
(1,2,'53',3),
(1,3,'54',5),
(1,4,'55',7),
(1,5,'616',9),
(1,6,'617',10),
(1,7,'618',15),
(2,1,'52',0),
(2,2,'53',3),
(2,3,'54',5),
(2,4,'56',7),
(2,5,'616',9),
(2,6,'617',10),
(2,7,'618',15),
(3,1,'69',0),
(3,2,'70',3),
(3,3,'71',5),
(3,4,'56',7),
(3,5,'616',9),
(3,6,'617',10),
(3,7,'618',15),
(4,1,'37',0),
(4,2,'38',3),
(4,3,'39',5),
(4,4,'40',7),
(4,5,'616',9),
(4,6,'617',10),
(4,7,'618',15),
(5,1,'37',0),
(5,2,'38',3),
(5,3,'39',5),
(5,4,'41',7),
(5,5,'616',9),
(5,6,'617',10),
(5,7,'618',15),
(6,1,'60',0),
(6,2,'61',3),
(6,3,'62',5),
(6,4,'41',7),
(6,5,'616',9),
(6,6,'617',10),
(6,7,'618',15),
(7,1,'42',0),
(7,2,'43',3),
(7,3,'44',5),
(7,4,'45',7),
(7,5,'616',9),
(7,6,'617',10),
(7,7,'618',15),
(8,1,'42',0),
(8,2,'43',3),
(8,3,'44',5),
(8,4,'46',7),
(8,5,'616',9),
(8,6,'617',10),
(8,7,'618',15),
(9,1,'63',0),
(9,2,'64',3),
(9,3,'65',5),
(9,4,'46',7),
(9,5,'616',9),
(9,6,'617',10),
(9,7,'618',15),
(10,1,'47',0),
(10,2,'48',3),
(10,3,'49',5),
(10,4,'50',7),
(10,5,'616',9),
(10,6,'617',10),
(10,7,'618',15),
(11,1,'47',0),
(11,2,'48',3),
(11,3,'49',5),
(11,4,'51',7),
(11,5,'616',9),
(11,6,'617',10),
(11,7,'618',15),
(12,1,'66',0),
(12,2,'67',3),
(12,3,'68',5),
(12,4,'51',7),
(12,5,'616',9),
(12,6,'617',10),
(12,7,'618',15);
