INSERT INTO `pet_sanhun` VALUES
(0,0.000000,0.000000,0.000000,0.000000,0.000000,0.000000,0.000000,0.000000,0.000000,0,0),
(1,61.000000,8.000000,36.000000,0.600000,0.680000,0.750000,0.680000,0.750000,0.680000,2,0),
(2,158.000000,21.000000,94.000000,1.550000,1.750000,1.940000,1.750000,1.940000,1.750000,4,0),
(3,281.000000,37.000000,167.000000,2.750000,3.100000,3.440000,3.100000,3.440000,3.100000,6,0),
(4,423.000000,56.000000,251.000000,4.150000,4.670000,5.190000,4.670000,5.190000,4.670000,8,0),
(5,581.000000,77.000000,345.000000,5.700000,6.410000,7.130000,6.410000,7.130000,6.410000,10,0),
(6,753.000000,99.000000,447.000000,7.380000,8.310000,9.230000,8.310000,9.230000,8.310000,12,0),
(7,937.000000,124.000000,556.000000,9.180000,10.340000,11.490000,10.340000,11.490000,10.340000,14,0),
(8,1131.000000,149.000000,671.000000,11.090000,12.480000,13.870000,12.480000,13.870000,12.480000,16,0),
(9,1335.000000,176.000000,792.000000,13.080000,14.720000,16.360000,14.720000,16.360000,14.720000,18,0),
(10,1547.000000,204.000000,918.000000,15.160000,17.060000,18.960000,17.060000,18.960000,17.060000,20,0),
(11,1766.000000,233.000000,1048.000000,17.310000,19.480000,21.650000,19.480000,21.650000,19.480000,22,0),
(12,1993.000000,263.000000,1182.000000,19.530000,21.980000,24.430000,21.980000,24.430000,21.980000,24,0),
(13,2226.000000,294.000000,1321.000000,21.820000,24.550000,27.290000,24.550000,27.290000,24.550000,26,0),
(14,2465.000000,325.000000,1463.000000,24.160000,27.190000,30.220000,27.190000,30.220000,27.190000,28,0),
(15,2710.000000,357.000000,1608.000000,26.560000,29.890000,33.220000,29.890000,33.220000,29.890000,30,0),
(16,2961.000000,390.000000,1757.000000,29.020000,32.650000,36.290000,32.650000,36.290000,32.650000,32,0),
(17,3216.000000,424.000000,1908.000000,31.520000,35.470000,39.420000,35.470000,39.420000,35.470000,34,0),
(18,3476.000000,458.000000,2063.000000,34.070000,38.340000,42.610000,38.340000,42.610000,38.340000,36,0),
(19,3741.000000,493.000000,2220.000000,36.660000,41.260000,45.860000,41.260000,45.860000,41.260000,38,0),
(20,4010.000000,529.000000,2379.000000,39.300000,44.230000,49.160000,44.230000,49.160000,44.230000,40,0),
(21,4283.000000,565.000000,2541.000000,41.980000,47.240000,52.500000,47.240000,52.500000,47.240000,42,0),
(22,4560.000000,601.000000,2706.000000,44.690000,50.300000,55.900000,50.300000,55.900000,50.300000,44,0),
(23,4841.000000,638.000000,2872.000000,47.440000,53.390000,59.340000,53.390000,59.340000,53.390000,46,0),
(24,5126.000000,676.000000,3041.000000,50.230000,56.530000,62.830000,56.530000,62.830000,56.530000,48,0),
(25,5414.000000,714.000000,3212.000000,53.050000,59.710000,66.360000,59.710000,66.360000,59.710000,50,0),
(26,5705.000000,752.000000,3385.000000,55.910000,62.920000,69.930000,62.920000,69.930000,62.920000,52,0),
(27,5999.000000,791.000000,3559.000000,58.790000,66.170000,73.540000,66.170000,73.540000,66.170000,54,0),
(28,6297.000000,830.000000,3736.000000,61.710000,69.450000,77.190000,69.450000,77.190000,69.450000,56,0),
(29,6597.000000,870.000000,3914.000000,64.660000,72.760000,80.870000,72.760000,80.870000,72.760000,58,0),
(30,6901.000000,910.000000,4094.000000,67.630000,76.110000,84.590000,76.110000,84.590000,76.110000,60,0),
(31,7207.000000,950.000000,4276.000000,70.630000,79.490000,88.340000,79.490000,88.340000,79.490000,62,0),
(32,7516.000000,991.000000,4459.000000,73.660000,82.890000,92.130000,82.890000,92.130000,82.890000,64,0),
(33,7828.000000,1032.000000,4644.000000,76.710000,86.330000,95.950000,86.330000,95.950000,86.330000,66,0),
(34,8142.000000,1074.000000,4830.000000,79.790000,89.800000,99.800000,89.800000,99.800000,89.800000,68,0),
(35,8459.000000,1115.000000,5018.000000,82.890000,93.290000,103.680000,93.290000,103.680000,93.290000,70,0),
(36,8778.000000,1157.000000,5208.000000,86.020000,96.810000,107.590000,96.810000,107.590000,96.810000,72,0),
(37,9099.000000,1200.000000,5398.000000,89.170000,100.350000,111.530000,100.350000,111.530000,100.350000,74,0),
(38,9423.000000,1242.000000,5590.000000,92.340000,103.920000,115.500000,103.920000,115.500000,103.920000,76,0),
(39,9749.000000,1285.000000,5784.000000,95.540000,107.520000,119.500000,107.520000,119.500000,107.520000,78,0),
(40,10077.000000,1329.000000,5979.000000,98.760000,111.140000,123.520000,111.140000,123.520000,111.140000,80,0),
(41,10407.000000,1372.000000,6175.000000,101.990000,114.780000,127.570000,114.780000,127.570000,114.780000,82,0),
(42,10740.000000,1416.000000,6372.000000,105.250000,118.450000,131.640000,118.450000,131.640000,118.450000,84,0),
(43,11074.000000,1460.000000,6570.000000,108.530000,122.130000,135.740000,122.130000,135.740000,122.130000,86,0),
(44,11411.000000,1505.000000,6770.000000,111.820000,125.840000,139.870000,125.840000,139.870000,125.840000,88,0),
(45,11749.000000,1549.000000,6970.000000,115.140000,129.580000,144.010000,129.580000,144.010000,129.580000,90,0),
(46,12089.000000,1594.000000,7172.000000,118.470000,133.330000,148.180000,133.330000,148.180000,133.330000,92,0),
(47,12431.000000,1639.000000,7375.000000,121.830000,137.100000,152.380000,137.100000,152.380000,137.100000,94,0),
(48,12775.000000,1684.000000,7579.000000,125.200000,140.890000,156.590000,140.890000,156.590000,140.890000,96,0),
(49,13121.000000,1730.000000,7784.000000,128.580000,144.710000,160.830000,144.710000,160.830000,144.710000,98,0),
(50,13468.000000,1776.000000,7990.000000,131.990000,148.540000,165.090000,148.540000,165.090000,148.540000,100,0),
(51,13817.000000,1822.000000,8198.000000,135.410000,152.390000,169.370000,152.390000,169.370000,152.390000,102,0),
(52,14168.000000,1868.000000,8406.000000,138.850000,156.260000,173.670000,156.260000,173.670000,156.260000,104,0),
(53,14521.000000,1915.000000,8615.000000,142.300000,160.150000,177.990000,160.150000,177.990000,160.150000,106,0),
(54,14875.000000,1961.000000,8825.000000,145.770000,164.050000,182.330000,164.050000,182.330000,164.050000,108,0),
(55,15231.000000,2008.000000,9036.000000,149.260000,167.980000,186.690000,167.980000,186.690000,167.980000,110,0),
(56,15588.000000,2055.000000,9248.000000,152.760000,171.920000,191.070000,171.920000,191.070000,171.920000,112,0),
(57,15947.000000,2103.000000,9461.000000,156.280000,175.870000,195.470000,175.870000,195.470000,175.870000,114,0),
(58,16307.000000,2150.000000,9675.000000,159.810000,179.850000,199.890000,179.850000,199.890000,179.850000,116,0),
(59,16669.000000,2198.000000,9889.000000,163.350000,183.840000,204.320000,183.840000,204.320000,183.840000,118,0),
(60,17032.000000,2246.000000,10105.000000,166.910000,187.840000,208.770000,187.840000,208.770000,187.840000,120,0),
(61,17397.000000,2294.000000,10321.000000,170.490000,191.870000,213.240000,191.870000,213.240000,191.870000,122,0),
(62,17763.000000,2342.000000,10538.000000,174.080000,195.900000,217.730000,195.900000,217.730000,195.900000,124,0),
(63,18130.000000,2391.000000,10757.000000,177.680000,199.960000,222.240000,199.960000,222.240000,199.960000,126,0),
(64,18499.000000,2439.000000,10975.000000,181.290000,204.030000,226.760000,204.030000,226.760000,204.030000,128,0),
(65,18870.000000,2488.000000,11195.000000,184.920000,208.110000,231.300000,208.110000,231.300000,208.110000,130,0),
(66,19241.000000,2537.000000,11415.000000,188.560000,212.210000,235.850000,212.210000,235.850000,212.210000,132,0),
(67,19614.000000,2586.000000,11637.000000,192.220000,216.320000,240.420000,216.320000,240.420000,216.320000,134,0),
(68,19988.000000,2636.000000,11859.000000,195.880000,220.450000,245.010000,220.450000,245.010000,220.450000,136,0),
(69,20364.000000,2685.000000,12081.000000,199.560000,224.590000,249.610000,224.590000,249.610000,224.590000,138,0),
(70,20740.000000,2735.000000,12305.000000,203.250000,228.740000,254.230000,228.740000,254.230000,228.740000,140,0),
(71,21118.000000,2785.000000,12529.000000,206.960000,232.910000,258.860000,232.910000,258.860000,232.910000,142,1),
(72,21497.000000,2835.000000,12754.000000,210.670000,237.090000,263.510000,237.090000,263.510000,237.090000,144,2),
(73,21878.000000,2885.000000,12980.000000,214.400000,241.290000,268.170000,241.290000,268.170000,241.290000,146,3),
(74,22259.000000,2935.000000,13206.000000,218.140000,245.490000,272.850000,245.490000,272.850000,245.490000,148,4),
(75,22642.000000,2985.000000,13433.000000,221.890000,249.710000,277.540000,249.710000,277.540000,249.710000,150,5),
(76,23026.000000,3036.000000,13661.000000,225.650000,253.950000,282.240000,253.950000,282.240000,253.950000,152,6),
(77,23411.000000,3087.000000,13889.000000,229.430000,258.190000,286.960000,258.190000,286.960000,258.190000,154,7),
(78,23797.000000,3138.000000,14118.000000,233.210000,262.450000,291.690000,262.450000,291.690000,262.450000,156,8),
(79,24184.000000,3189.000000,14348.000000,237.000000,266.720000,296.440000,266.720000,296.440000,266.720000,158,9),
(80,24572.000000,3240.000000,14578.000000,240.810000,271.010000,301.200000,271.010000,301.200000,271.010000,160,10),
(81,24962.000000,3291.000000,14809.000000,244.630000,275.300000,305.970000,275.300000,305.970000,275.300000,162,11),
(82,25352.000000,3343.000000,15041.000000,248.450000,279.610000,310.760000,279.610000,310.760000,279.610000,164,12),
(83,25744.000000,3394.000000,15273.000000,252.290000,283.930000,315.560000,283.930000,315.560000,283.930000,166,13),
(84,26137.000000,3446.000000,15506.000000,256.140000,288.260000,320.370000,288.260000,320.370000,288.260000,168,14),
(85,26530.000000,3498.000000,15740.000000,260.000000,292.600000,325.200000,292.600000,325.200000,292.600000,170,15),
(86,26925.000000,3550.000000,15974.000000,263.860000,296.950000,330.040000,296.950000,330.040000,296.950000,172,16),
(87,27320.000000,3602.000000,16209.000000,267.740000,301.310000,334.890000,301.310000,334.890000,301.310000,174,17),
(88,27717.000000,3655.000000,16444.000000,271.630000,305.690000,339.750000,305.690000,339.750000,305.690000,176,18),
(89,28115.000000,3707.000000,16680.000000,275.520000,310.070000,344.620000,310.070000,344.620000,310.070000,178,19),
(90,28513.000000,3760.000000,16917.000000,279.430000,314.470000,349.510000,314.470000,349.510000,314.470000,180,20),
(91,28913.000000,3812.000000,17154.000000,283.350000,318.880000,354.410000,318.880000,354.410000,318.880000,182,21),
(92,29313.000000,3865.000000,17391.000000,287.270000,323.290000,359.320000,323.290000,359.320000,323.290000,184,22),
(93,29715.000000,3918.000000,17629.000000,291.210000,327.720000,364.240000,327.720000,364.240000,327.720000,186,23),
(94,30117.000000,3971.000000,17868.000000,295.150000,332.160000,369.170000,332.160000,369.170000,332.160000,188,24),
(95,30521.000000,4024.000000,18107.000000,299.100000,336.610000,374.110000,336.610000,374.110000,336.610000,190,25),
(96,30925.000000,4078.000000,18347.000000,303.070000,341.070000,379.070000,341.070000,379.070000,341.070000,192,26),
(97,31330.000000,4131.000000,18588.000000,307.040000,345.540000,384.040000,345.540000,384.040000,345.540000,194,27),
(98,31736.000000,4185.000000,18829.000000,311.020000,350.010000,389.010000,350.010000,389.010000,350.010000,196,28),
(99,32143.000000,4238.000000,19070.000000,315.000000,354.500000,394.000000,354.500000,394.000000,354.500000,198,29),
(100,32551.000000,4292.000000,19312.000000,319.000000,359.000000,399.000000,359.000000,399.000000,359.000000,200,30);
