INSERT INTO `pet_gengu` VALUES
(0,'普通下品',9,8000,5,1500,4500,1.000000),
(1,'普通中品',18,7000,5,2100,6300,1.200000),
(2,'普通上品',18,6000,5,3150,9450,1.400000),
(10,'优秀下品',12,8000,5,2700,8100,1.600000),
(11,'优秀中品',24,5000,5,3780,11340,1.800000),
(12,'优秀上品',24,2000,5,5670,17010,2.000000),
(20,'卓越下品',15,8000,5,4500,13500,2.200000),
(21,'卓越中品',30,5000,5,6300,18900,2.400000),
(22,'卓越上品',30,2000,5,8820,26460,2.600000),
(30,'珍稀下品',30,8000,5,6000,18000,2.800000),
(31,'珍稀中品',36,5000,5,8400,25200,3.000000),
(32,'珍稀上品',36,2000,5,11760,35280,3.200000),
(40,'完美下品',50,8000,5,7500,22500,3.400000),
(41,'完美中品',60,5000,5,9000,27000,3.600000),
(42,'完美上品',60,2000,5,11700,35100,3.800000),
(50,'无双下品',60,8000,5,9000,27000,4.000000),
(51,'无双中品',72,5000,5,9900,29700,4.200000),
(52,'无双上品',72,2000,5,11880,35640,4.400000),
(60,'绝世下品',70,8000,5,10500,31500,4.600000),
(61,'绝世中品',84,5000,5,11550,34650,4.800000),
(62,'绝世上品',84,2000,5,12705,38115,5.000000),
(70,'至尊下品',80,8000,5,12000,36000,5.200000),
(71,'至尊中品',96,5000,5,12600,37800,5.400000),
(72,'至尊上品',96,2000,5,13104,39312,5.600000),
(80,'传奇下品',90,8000,5,12750,38250,5.800000),
(81,'传奇中品',108,5000,5,12801,38403,6.000000),
(82,'传奇上品',108,2000,5,12827,38480,6.200000),
(90,'神话下品',100,8000,5,13500,40500,6.400000),
(91,'神话中品',120,5000,5,13635,40905,6.600000),
(92,'神话上品',120,2000,5,13771,41314,6.800000);
