INSERT INTO `pet_pinjie` VALUES
(50,'炼皮一重天',575,10000,'1,1,1,1',''),
(51,'炼皮二重天',661,8000,'1,1,1,1',''),
(52,'炼皮三重天',760,5000,'1,1,1,1',''),
(53,'炼皮四重天',875,1000,'1,1,1,1','1,1000|2,2000|3,4000|99,9000'),
(54,'炼皮五重天',1006,500,'1,1,1,1','1,400|2,600|3,2000|4,4500|99,9000'),
(55,'炼皮六重天',1157,50,'1,1,1,1','2,50|4,350|6,1400|8,2950|99,9000'),
(56,'炼皮七重天',1330,50,'1,1,1,1','2,50|4,350|6,1400|8,2950|99,9000'),
(57,'炼皮八重天',1530,10,'1,1,1,1','3,20|6,40|9,60|12,370|16,990|19,4990|99,9990'),
(58,'炼皮九重天',1759,10,'2,1,1,1','5,20|10,60|15,110|20,190|25,790|29,4990|99,9990'),
(59,'炼皮十重天',2023,1,'2,2,1,1','5,4|10,9|15,19|20,29|25,49|30,103|35,279|40,499|45,999|50,4999|99,9990'),
(60,'锻骨一重天',2083,8000,'2,2,1,1',''),
(61,'锻骨二重天',2395,7000,'2,2,1,1',''),
(62,'锻骨三重天',2754,6000,'2,2,1,1',''),
(63,'锻骨四重天',3168,5000,'2,2,1,1',''),
(64,'锻骨五重天',3643,500,'2,2,1,1','1,400|2,600|3,2000|4,4500|99,9000'),
(65,'锻骨六重天',4189,50,'2,2,1,1','2,50|4,350|6,1400|8,2950|99,9000'),
(66,'锻骨七重天',4818,50,'2,2,1,1','2,50|4,350|6,1400|8,2950|99,9000'),
(67,'锻骨八重天',5540,10,'2,2,1,1','3,20|6,40|9,60|12,370|16,990|19,4990|99,9990'),
(68,'锻骨九重天',6371,10,'2,2,2,1','5,20|10,60|15,110|20,190|25,790|29,4990|99,9990'),
(69,'锻骨十重天',7327,1,'2,2,2,2','5,4|10,9|15,19|20,29|25,49|30,103|35,279|40,499|45,999|50,4999|99,9999'),
(70,'易筋一重天',7397,8000,'2,2,2,2',''),
(71,'易筋二重天',7767,7000,'2,2,2,2',''),
(72,'易筋三重天',8155,6000,'2,2,2,2',''),
(73,'易筋四重天',8563,5000,'2,2,2,2',''),
(74,'易筋五重天',8991,500,'2,2,2,2','1,400|2,600|3,2000|4,4500|99,9000'),
(75,'易筋六重天',9441,50,'2,2,2,2','2,50|4,350|6,1400|8,2950|99,9000'),
(76,'易筋七重天',9913,50,'2,2,2,2','2,50|4,350|6,1400|8,2950|99,9000'),
(77,'易筋八重天',10408,10,'2,2,2,2','3,20|6,40|9,60|12,370|16,990|19,4990|99,9990'),
(78,'易筋九重天',10929,10,'3,2,2,2','5,20|10,60|15,110|20,190|25,790|29,4990|99,9990'),
(79,'易筋十重天',11475,1,'3,3,2,2','5,4|10,9|15,19|20,29|25,49|30,103|35,279|40,499|45,999|50,4999|99,9999'),
(80,'丹劲一重天',11555,8000,'3,3,2,2',''),
(81,'丹劲二重天',12017,7000,'3,3,2,2',''),
(82,'丹劲三重天',12498,6000,'3,3,2,2',''),
(83,'丹劲四重天',12998,5000,'3,3,2,2',''),
(84,'丹劲五重天',13518,500,'3,3,2,2','1,400|2,600|3,2000|4,4500|99,9000'),
(85,'丹劲六重天',14059,50,'3,3,2,2','2,50|4,350|6,1400|8,2950|99,9000'),
(86,'丹劲七重天',14621,50,'3,3,2,2','2,50|4,350|6,1400|8,2950|99,9000'),
(87,'丹劲八重天',15206,10,'3,3,2,2','3,20|6,40|9,60|12,370|16,990|19,4990|99,9990'),
(88,'丹劲九重天',15814,10,'3,3,3,2','5,20|10,60|15,110|20,190|25,790|29,4990|99,9990'),
(89,'丹劲十重天',16447,1,'3,3,3,3','5,4|10,9|15,19|20,29|25,49|30,103|35,279|40,499|45,999|50,4999|99,9999'),
(90,'罡气一重天',16537,8000,'3,3,3,3',''),
(91,'罡气二重天',16950,7000,'3,3,3,3',''),
(92,'罡气三重天',17374,6000,'3,3,3,3',''),
(93,'罡气四重天',17808,5000,'3,3,3,3',''),
(94,'罡气五重天',18253,500,'3,3,3,3','1,400|2,600|3,2000|4,4500|99,9000'),
(95,'罡气六重天',18710,50,'3,3,3,3','2,50|4,350|6,1400|8,2950|99,9000'),
(96,'罡气七重天',19177,50,'3,3,3,3','2,50|4,350|6,1400|8,2950|99,9000'),
(97,'罡气八重天',19657,10,'3,3,3,3','3,20|6,40|9,60|12,370|16,990|19,4990|99,9990'),
(98,'罡气九重天',20148,10,'4,3,3,3','5,20|10,60|15,110|20,190|25,790|29,4990|99,9990'),
(99,'罡气十重天',20652,1,'4,4,3,3','5,4|10,9|15,19|20,29|25,49|30,103|35,279|40,499|45,999|50,4999|99,9999'),
(100,'化境一重天',20752,8000,'4,4,3,3',''),
(101,'化境二重天',21167,7000,'4,4,3,3',''),
(102,'化境三重天',21590,6000,'4,4,3,3',''),
(103,'化境四重天',22022,5000,'4,4,3,3',''),
(104,'化境五重天',22462,500,'4,4,3,3','1,400|2,600|3,2000|4,4500|99,9000'),
(105,'化境六重天',22912,50,'4,4,3,3','2,50|4,350|6,1400|8,2950|99,9000'),
(106,'化境七重天',23370,50,'4,4,3,3','2,50|4,350|6,1400|8,2950|99,9000'),
(107,'化境八重天',23837,10,'4,4,3,3','3,20|6,40|9,60|12,370|16,990|19,4990|99,9990'),
(108,'化境九重天',24314,10,'4,4,4,3','5,20|10,60|15,110|20,190|25,790|29,4990|99,9990'),
(109,'化境十重天',24800,1,'4,4,4,4','5,4|10,9|15,19|20,29|25,49|30,103|35,279|40,499|45,999|50,4999|99,9999'),
(110,'入微一重天',24910,8000,'4,4,4,4',''),
(111,'入微二重天',25409,7000,'4,4,4,4',''),
(112,'入微三重天',25917,6000,'4,4,4,4',''),
(113,'入微四重天',26435,5000,'4,4,4,4',''),
(114,'入微五重天',26964,500,'4,4,4,4','1,400|2,600|3,2000|4,4500|99,9000'),
(115,'入微六重天',27503,50,'4,4,4,4','2,50|4,350|6,1400|8,2950|99,9000'),
(116,'入微七重天',28053,50,'4,4,4,4','2,50|4,350|6,1400|8,2950|99,9000'),
(117,'入微八重天',28614,10,'4,4,4,4','3,20|6,40|9,60|12,370|16,990|19,4990|99,9990'),
(118,'入微九重天',29186,10,'5,4,4,4','5,20|10,60|15,110|20,190|25,790|29,4990|99,9990'),
(119,'入微十重天',29770,1,'5,5,4,4','5,4|10,9|15,19|20,29|25,49|30,103|35,279|40,499|45,999|50,4999|99,9999'),
(120,'通玄一重天',29890,8000,'5,5,4,4',''),
(121,'通玄二重天',30339,7000,'5,5,4,4',''),
(122,'通玄三重天',30794,6000,'5,5,4,4',''),
(123,'通玄四重天',31256,5000,'5,5,4,4',''),
(124,'通玄五重天',31724,500,'5,5,4,4','1,400|2,600|3,2000|4,4500|99,9000'),
(125,'通玄六重天',32200,50,'5,5,4,4','2,50|4,350|6,1400|8,2950|99,9000'),
(126,'通玄七重天',32683,50,'5,5,4,4','2,50|4,350|6,1400|8,2950|99,9000'),
(127,'通玄八重天',33174,10,'5,5,4,4','3,20|6,40|9,60|12,370|16,990|19,4990|99,9990'),
(128,'通玄九重天',33671,10,'5,5,5,4','5,20|10,60|15,110|20,190|25,790|29,4990|99,9990'),
(129,'通玄十重天',34176,1,'5,5,5,5','5,4|10,9|15,19|20,29|25,49|30,103|35,279|40,499|45,999|50,4999|99,9999'),
(130,'法相一重天',34306,8000,'5,5,5,5',''),
(131,'法相二重天',34752,7000,'5,5,5,5',''),
(132,'法相三重天',35204,6000,'5,5,5,5',''),
(133,'法相四重天',35662,5000,'5,5,5,5',''),
(134,'法相五重天',36125,500,'5,5,5,5','1,400|2,600|3,2000|4,4500|99,9000'),
(135,'法相六重天',36595,50,'5,5,5,5','2,50|4,350|6,1400|8,2950|99,9000'),
(136,'法相七重天',37071,50,'5,5,5,5','2,50|4,350|6,1400|8,2950|99,9000'),
(137,'法相八重天',37552,10,'5,5,5,5','3,20|6,40|9,60|12,370|16,990|19,4990|99,9990'),
(138,'法相九重天',38041,10,'6,5,5,5','5,20|10,60|15,110|20,190|25,790|29,4990|99,9990'),
(139,'法相十重天',38535,1,'6,6,5,5','5,4|10,9|15,19|20,29|25,49|30,103|35,279|40,499|45,999|50,4999|99,9999'),
(140,'雷动一重天',38675,8000,'6,6,5,5',''),
(141,'雷动二重天',39139,7000,'6,6,5,5',''),
(142,'雷动三重天',39609,6000,'6,6,5,5',''),
(143,'雷动四重天',40084,5000,'6,6,5,5',''),
(144,'雷动五重天',40565,500,'6,6,5,5','1,400|2,600|3,2000|4,4500|99,9000'),
(145,'雷动六重天',41052,50,'6,6,5,5','2,50|4,350|6,1400|8,2950|99,9000'),
(146,'雷动七重天',41545,50,'6,6,5,5','2,50|4,350|6,1400|8,2950|99,9000'),
(147,'雷动八重天',42043,10,'6,6,5,5','3,20|6,40|9,60|12,370|16,990|19,4990|99,9990'),
(148,'雷动九重天',42548,10,'6,6,6,5','5,20|10,60|15,110|20,190|25,790|29,4990|99,9990'),
(149,'雷动十重天',43058,1,'6,6,6,6','5,4|10,9|15,19|20,29|25,49|30,103|35,279|40,499|45,999|50,4999|99,9999'),
(150,'破碎一重天',43208,8000,'6,6,6,6',''),
(151,'破碎二重天',43684,7000,'6,6,6,6',''),
(152,'破碎三重天',44164,6000,'6,6,6,6',''),
(153,'破碎四重天',44650,5000,'6,6,6,6',''),
(154,'破碎五重天',45141,500,'6,6,6,6','1,400|2,600|3,2000|4,4500|99,9000'),
(155,'破碎六重天',45638,50,'6,6,6,6','2,50|4,350|6,1400|8,2950|99,9000'),
(156,'破碎七重天',46140,50,'6,6,6,6','2,50|4,350|6,1400|8,2950|99,9000'),
(157,'破碎八重天',46647,10,'6,6,6,6','3,20|6,40|9,60|12,370|16,990|19,4990|99,9990'),
(158,'破碎九重天',47160,10,'7,6,6,6','5,20|10,60|15,110|20,190|25,790|29,4990|99,9990'),
(159,'破碎十重天',47679,1,'7,7,6,6','5,4|10,9|15,19|20,29|25,49|30,103|35,279|40,499|45,999|50,4999|99,9999'),
(160,'长生一重天',47839,8000,'7,7,6,6',''),
(161,'长生二重天',48317,7000,'7,7,6,6',''),
(162,'长生三重天',48801,6000,'7,7,6,6',''),
(163,'长生四重天',49289,5000,'7,7,6,6',''),
(164,'长生五重天',49782,500,'7,7,6,6','1,400|2,600|3,2000|4,4500|99,9000'),
(165,'长生六重天',50279,50,'7,7,6,6','2,50|4,350|6,1400|8,2950|99,9000'),
(166,'长生七重天',50782,50,'7,7,6,6','2,50|4,350|6,1400|8,2950|99,9000'),
(167,'长生八重天',51290,10,'7,7,6,6','3,20|6,40|9,60|12,370|16,990|19,4990|99,9990'),
(168,'长生九重天',51803,10,'7,7,7,6','5,20|10,60|15,110|20,190|25,790|29,4990|99,9990'),
(169,'长生十重天',52321,1,'7,7,7,7','5,4|10,9|15,19|20,29|25,49|30,103|35,279|40,499|45,999|50,4999|99,9999'),
(170,'至圣一重天',52491,8000,'7,7,7,7',''),
(171,'至圣二重天',53016,7000,'7,7,7,7',''),
(172,'至圣三重天',53546,6000,'7,7,7,7',''),
(173,'至圣四重天',54081,5000,'7,7,7,7',''),
(174,'至圣五重天',54622,500,'7,7,7,7','1,400|2,600|3,2000|4,4500|99,9000'),
(175,'至圣六重天',55168,50,'7,7,7,7','2,50|4,350|6,1400|8,2950|99,9000'),
(176,'至圣七重天',55720,50,'7,7,7,7','2,50|4,350|6,1400|8,2950|99,9000'),
(177,'至圣八重天',56277,10,'7,7,7,7','3,20|6,40|9,60|12,370|16,990|19,4990|99,9990'),
(178,'至圣九重天',56840,10,'8,7,7,7','5,20|10,60|15,110|20,190|25,790|29,4990|99,9990'),
(179,'至圣十重天',57408,1,'8,8,7,7','5,4|10,9|15,19|20,29|25,49|30,103|35,279|40,499|45,999|50,4999|99,9999'),
(180,'返虚一重天',57588,8000,'8,8,7,7',''),
(181,'返虚二重天',57963,7000,'8,8,7,7',''),
(182,'返虚三重天',58340,6000,'8,8,7,7',''),
(183,'返虚四重天',58719,5000,'8,8,7,7',''),
(184,'返虚五重天',59100,500,'8,8,7,7','1,400|2,600|3,2000|4,4500|99,9000'),
(185,'返虚六重天',59485,50,'8,8,7,7','2,50|4,350|6,1400|8,2950|99,9000'),
(186,'返虚七重天',59871,50,'8,8,7,7','2,50|4,350|6,1400|8,2950|99,9000'),
(187,'返虚八重天',60260,10,'8,8,7,7','3,20|6,40|9,60|12,370|16,990|19,4990|99,9990'),
(188,'返虚九重天',60652,10,'8,8,8,7','5,20|10,60|15,110|20,190|25,790|29,4990|99,9990'),
(189,'返虚十重天',61046,1,'8,8,8,8','5,4|10,9|15,19|20,29|25,49|30,103|35,279|40,499|45,999|50,4999|99,9999'),
(190,'合道一重天',61236,8000,'8,8,8,8',''),
(191,'合道二重天',61726,7000,'8,8,8,8',''),
(192,'合道三重天',62220,6000,'8,8,8,8',''),
(193,'合道四重天',62718,5000,'8,8,8,8',''),
(194,'合道五重天',63220,500,'8,8,8,8','1,400|2,600|3,2000|4,4500|99,9000'),
(195,'合道六重天',63725,50,'8,8,8,8','2,50|4,350|6,1400|8,2950|99,9000'),
(196,'合道七重天',64235,50,'8,8,8,8','2,50|4,350|6,1400|8,2950|99,9000'),
(197,'合道八重天',64749,10,'8,8,8,8','3,20|6,40|9,60|12,370|16,990|19,4990|99,9990'),
(198,'合道九重天',65267,10,'9,8,8,8','5,20|10,60|15,110|20,190|25,790|29,4990|99,9990'),
(199,'合道十重天',65789,1,'9,9,8,8','5,4|10,9|15,19|20,29|25,49|30,103|35,279|40,499|45,999|50,4999|99,9999'),
(200,'混沌无极',0,0,'9,9,9,9','');
