INSERT INTO `petteamcopy` VALUES
(0,0,0,0),
(1,0,12175,2),
(1,0,12176,2),
(1,0,12177,2),
(1,0,12178,2),
(1,0,12179,3),
(1,0,12180,3),
(1,0,12181,3),
(1,0,12182,3),
(1,0,12183,4),
(1,0,12184,4),
(1,0,12185,4),
(1,0,12186,4),
(1,0,12187,5),
(1,0,12188,5),
(1,0,12189,5),
(1,0,12190,5),
(2,0,12191,2),
(2,0,12192,2),
(2,0,12193,2),
(2,0,12194,2),
(2,0,12195,3),
(2,0,12196,3),
(2,0,12197,3),
(2,0,12198,3),
(2,0,12199,4),
(2,0,12200,4),
(2,0,12201,4),
(2,0,12202,4),
(2,0,12203,5),
(2,0,12204,5),
(2,0,12205,5),
(2,0,12206,5),
(3,0,12207,2),
(3,0,12208,2),
(3,0,12209,2),
(3,0,12210,2),
(3,0,12211,3),
(3,0,12212,3),
(3,0,12213,3),
(3,0,12214,3),
(3,0,12215,4),
(3,0,12216,4),
(3,0,12217,4),
(3,0,12218,4),
(3,0,12219,5),
(3,0,12220,5),
(3,0,12221,5),
(3,0,12222,5),
(4,0,12223,2),
(4,0,12224,2),
(4,0,12225,2),
(4,0,12226,2),
(4,0,12227,3),
(4,0,12228,3),
(4,0,12229,3),
(4,0,12230,3),
(4,0,12231,4),
(4,0,12232,4),
(4,0,12233,4),
(4,0,12234,4),
(4,0,12235,5),
(4,0,12236,5),
(4,0,12237,5),
(4,0,12238,5),
(5,0,12239,2),
(5,0,12240,2),
(5,0,12241,2),
(5,0,12242,2),
(5,0,12243,3),
(5,0,12244,3),
(5,0,12245,3),
(5,0,12246,3),
(5,0,12247,4),
(5,0,12248,4),
(5,0,12249,4),
(5,0,12250,4),
(5,0,12251,5),
(5,0,12252,5),
(5,0,12253,5),
(5,0,12254,5),
(1,1,12255,2),
(1,1,12256,2),
(1,1,12257,2),
(1,1,12258,2),
(1,1,12259,3),
(1,1,12260,3),
(1,1,12261,3),
(1,1,12262,3),
(1,1,12263,4),
(1,1,12264,4),
(1,1,12265,4),
(1,1,12266,4),
(1,1,12267,5),
(1,1,12268,5),
(1,1,12269,5),
(1,1,12270,5),
(2,1,12271,2),
(2,1,12272,2),
(2,1,12273,2),
(2,1,12274,2),
(2,1,12275,3),
(2,1,12276,3),
(2,1,12277,3),
(2,1,12278,3),
(2,1,12279,4),
(2,1,12280,4),
(2,1,12281,4),
(2,1,12282,4),
(2,1,12283,5),
(2,1,12284,5),
(2,1,12285,5),
(2,1,12286,5),
(3,1,12287,2),
(3,1,12288,2),
(3,1,12289,2),
(3,1,12290,2),
(3,1,12291,3),
(3,1,12292,3),
(3,1,12293,3),
(3,1,12294,3),
(3,1,12295,4),
(3,1,12296,4),
(3,1,12297,4),
(3,1,12298,4),
(3,1,12299,5),
(3,1,12300,5),
(3,1,12301,5),
(3,1,12302,5),
(4,1,12303,2),
(4,1,12304,2),
(4,1,12305,2),
(4,1,12306,2),
(4,1,12307,3),
(4,1,12308,3),
(4,1,12309,3),
(4,1,12310,3),
(4,1,12311,4),
(4,1,12312,4),
(4,1,12313,4),
(4,1,12314,4),
(4,1,12315,5),
(4,1,12316,5),
(4,1,12317,5),
(4,1,12318,5),
(5,1,12319,2),
(5,1,12320,2),
(5,1,12321,2),
(5,1,12322,2),
(5,1,12323,3),
(5,1,12324,3),
(5,1,12325,3),
(5,1,12326,3),
(5,1,12327,4),
(5,1,12328,4),
(5,1,12329,4),
(5,1,12330,4),
(5,1,12331,5),
(5,1,12332,5),
(5,1,12333,5),
(5,1,12334,5);
