INSERT INTO `picInfo` VALUES
(0,0.00,0.00,0.00),
(1,1.00,3.00,1.00),
(1,2.00,3.00,5.00),
(1,3.00,3.00,5.00),
(1,4.00,3.00,10.00),
(1,5.00,3.00,1.00),
(2,1.00,3.00,5.00),
(2,2.00,3.00,1.00),
(2,3.00,3.00,5.00),
(2,4.00,3.00,1.00),
(2,5.00,3.00,10.00),
(2,6.00,3.00,1.00),
(3,1.00,3.00,1.00),
(3,2.00,3.00,5.00),
(3,3.00,3.00,1.00),
(3,4.00,3.00,10.00),
(3,5.00,3.00,1.00),
(3,6.00,3.00,5.00),
(3,7.00,3.00,10.00),
(4,1.00,3.00,5.00),
(4,2.00,3.00,1.00),
(4,3.00,3.00,5.00),
(4,4.00,3.00,10.00),
(4,5.00,3.00,1.00),
(4,6.00,3.00,5.00),
(4,7.00,3.00,10.00),
(4,8.00,3.00,1.00),
(5,1.00,3.00,10.00),
(5,2.00,3.00,5.00),
(5,3.00,3.00,1.00),
(5,4.00,3.00,5.00),
(5,5.00,3.00,10.00),
(5,6.00,3.00,1.00),
(5,7.00,3.00,10.00),
(5,8.00,3.00,1.00),
(6,1.00,5.00,5.00),
(6,2.00,5.00,1.00),
(6,3.00,5.00,5.00),
(6,4.00,5.00,10.00),
(6,5.00,5.00,1.00),
(6,6.00,5.00,5.00),
(6,7.00,5.00,10.00),
(6,8.00,5.00,1.00),
(6,9.00,5.00,10.00),
(7,1.00,5.00,1.00),
(7,2.00,5.00,5.00),
(7,3.00,5.00,10.00),
(7,4.00,5.00,1.00),
(7,5.00,5.00,5.00),
(7,6.00,5.00,10.00),
(7,7.00,5.00,1.00),
(7,8.00,5.00,5.00),
(7,9.00,5.00,10.00),
(7,10.00,5.00,10.00),
(8,1.00,5.00,1.00),
(8,2.00,5.00,5.00),
(8,3.00,5.00,10.00),
(8,4.00,5.00,1.00),
(8,5.00,5.00,5.00),
(8,6.00,5.00,5.00),
(8,7.00,5.00,10.00),
(8,8.00,5.00,1.00),
(8,9.00,5.00,5.00),
(8,10.00,5.00,10.00),
(8,11.00,5.00,1.00),
(9,1.00,5.00,1.00),
(9,2.00,5.00,5.00),
(9,3.00,5.00,5.00),
(9,4.00,5.00,10.00),
(9,5.00,5.00,1.00),
(9,6.00,5.00,5.00),
(9,7.00,5.00,10.00),
(9,8.00,5.00,1.00),
(9,9.00,5.00,5.00),
(9,10.00,5.00,10.00),
(9,11.00,5.00,1.00),
(9,12.00,5.00,5.00),
(10,1.00,5.00,1.00),
(10,2.00,5.00,5.00),
(10,3.00,5.00,5.00),
(10,4.00,5.00,10.00),
(10,5.00,5.00,1.00),
(10,6.00,5.00,10.00),
(10,7.00,5.00,5.00),
(10,8.00,5.00,10.00),
(10,9.00,5.00,1.00),
(10,10.00,5.00,5.00),
(10,11.00,5.00,10.00),
(10,12.00,5.00,1.00),
(11,1.00,7.00,1.00),
(11,2.00,7.00,10.00),
(11,3.00,7.00,6.00),
(11,4.00,7.00,6.00),
(11,5.00,7.00,1.00),
(11,6.00,7.00,10.00),
(11,7.00,7.00,6.00),
(11,8.00,7.00,1.00),
(11,9.00,7.00,10.00),
(11,10.00,7.00,6.00),
(11,11.00,7.00,1.00),
(11,12.00,7.00,10.00),
(11,13.00,7.00,6.00),
(12,1.00,7.00,1.00),
(12,2.00,7.00,6.00),
(12,3.00,7.00,6.00),
(12,4.00,7.00,10.00),
(12,5.00,7.00,1.00),
(12,6.00,7.00,10.00),
(12,7.00,7.00,6.00),
(12,8.00,7.00,6.00),
(12,9.00,7.00,10.00),
(12,10.00,7.00,1.00),
(12,11.00,7.00,10.00),
(12,12.00,7.00,6.00),
(12,13.00,7.00,1.00),
(12,14.00,7.00,10.00),
(13,1.00,7.00,1.00),
(13,2.00,7.00,10.00),
(13,3.00,7.00,6.00),
(13,4.00,7.00,1.00),
(13,5.00,7.00,6.00),
(13,6.00,7.00,10.00),
(13,7.00,7.00,1.00),
(13,8.00,7.00,10.00),
(13,9.00,7.00,6.00),
(13,10.00,7.00,6.00),
(13,11.00,7.00,1.00),
(13,12.00,7.00,6.00),
(13,13.00,7.00,10.00),
(13,14.00,7.00,10.00),
(13,15.00,7.00,1.00),
(14,1.00,7.00,6.00),
(14,2.00,7.00,1.00),
(14,3.00,7.00,10.00),
(14,4.00,7.00,6.00),
(14,5.00,7.00,1.00),
(14,6.00,7.00,10.00),
(14,7.00,7.00,6.00),
(14,8.00,7.00,1.00),
(14,9.00,7.00,10.00),
(14,10.00,7.00,6.00),
(14,11.00,7.00,1.00),
(14,12.00,7.00,10.00),
(14,13.00,7.00,6.00),
(14,14.00,7.00,1.00),
(14,15.00,7.00,6.00),
(14,16.00,7.00,1.00),
(15,1.00,7.00,1.00),
(15,2.00,7.00,6.00),
(15,3.00,7.00,10.00),
(15,4.00,7.00,1.00),
(15,5.00,7.00,6.00),
(15,6.00,7.00,10.00),
(15,7.00,7.00,6.00),
(15,8.00,7.00,1.00),
(15,9.00,7.00,6.00),
(15,10.00,7.00,10.00),
(15,11.00,7.00,1.00),
(15,12.00,7.00,6.00),
(15,13.00,7.00,10.00),
(15,14.00,7.00,1.00),
(15,15.00,7.00,6.00),
(15,16.00,7.00,1.00),
(16,1.00,10.00,6.00),
(16,2.00,10.00,10.00),
(16,3.00,10.00,6.00),
(16,4.00,10.00,1.00),
(16,5.00,10.00,10.00),
(16,6.00,10.00,10.00),
(16,7.00,10.00,1.00),
(16,8.00,10.00,10.00),
(16,9.00,10.00,6.00),
(16,10.00,10.00,1.00),
(16,11.00,10.00,1.00),
(16,12.00,10.00,1.00),
(16,13.00,10.00,10.00),
(16,14.00,10.00,6.00),
(16,15.00,10.00,6.00),
(16,16.00,10.00,1.00),
(16,17.00,10.00,6.00),
(17,1.00,10.00,1.00),
(17,2.00,10.00,6.00),
(17,3.00,10.00,10.00),
(17,4.00,10.00,1.00),
(17,5.00,10.00,10.00),
(17,6.00,10.00,6.00),
(17,7.00,10.00,1.00),
(17,8.00,10.00,6.00),
(17,9.00,10.00,6.00),
(17,10.00,10.00,1.00),
(17,11.00,10.00,10.00),
(17,12.00,10.00,10.00),
(17,13.00,10.00,1.00),
(17,14.00,10.00,6.00),
(17,15.00,10.00,10.00),
(17,16.00,10.00,1.00),
(17,17.00,10.00,6.00),
(17,18.00,10.00,10.00),
(18,1.00,10.00,1.00),
(18,2.00,10.00,10.00),
(18,3.00,10.00,10.00),
(18,4.00,10.00,6.00),
(18,5.00,10.00,6.00),
(18,6.00,10.00,1.00),
(18,7.00,10.00,10.00),
(18,8.00,10.00,6.00),
(18,9.00,10.00,6.00),
(18,10.00,10.00,1.00),
(18,11.00,10.00,10.00),
(18,12.00,10.00,10.00),
(18,13.00,10.00,6.00),
(18,14.00,10.00,1.00),
(18,15.00,10.00,10.00),
(18,16.00,10.00,10.00),
(18,17.00,10.00,1.00),
(18,18.00,10.00,6.00),
(18,19.00,10.00,1.00),
(19,1.00,10.00,1.00),
(19,2.00,10.00,6.00),
(19,3.00,10.00,10.00),
(19,4.00,10.00,10.00),
(19,5.00,10.00,1.00),
(19,6.00,10.00,6.00),
(19,7.00,10.00,1.00),
(19,8.00,10.00,10.00),
(19,9.00,10.00,1.00),
(19,10.00,10.00,10.00),
(19,11.00,10.00,6.00),
(19,12.00,10.00,1.00),
(19,13.00,10.00,10.00),
(19,14.00,10.00,10.00),
(19,15.00,10.00,10.00),
(19,16.00,10.00,1.00),
(19,17.00,10.00,6.00),
(19,18.00,10.00,6.00),
(19,19.00,10.00,6.00),
(19,20.00,10.00,1.00),
(20,1.00,10.00,1.00),
(20,2.00,10.00,6.00),
(20,3.00,10.00,10.00),
(20,4.00,10.00,10.00),
(20,5.00,10.00,10.00),
(20,6.00,10.00,1.00),
(20,7.00,10.00,6.00),
(20,8.00,10.00,1.00),
(20,9.00,10.00,10.00),
(20,10.00,10.00,6.00),
(20,11.00,10.00,1.00),
(20,12.00,10.00,10.00),
(20,13.00,10.00,6.00),
(20,14.00,10.00,1.00),
(20,15.00,10.00,6.00),
(20,16.00,10.00,6.00),
(20,17.00,10.00,1.00),
(20,18.00,10.00,10.00),
(20,19.00,10.00,6.00),
(20,20.00,10.00,10.00),
(21,1.00,15.00,2.00),
(21,2.00,15.00,5.00),
(21,3.00,15.00,5.00),
(21,4.00,15.00,11.00),
(21,5.00,15.00,2.00),
(22,1.00,15.00,5.00),
(22,2.00,15.00,2.00),
(22,3.00,15.00,5.00),
(22,4.00,15.00,2.00),
(22,5.00,15.00,11.00),
(22,6.00,15.00,2.00),
(23,1.00,15.00,2.00),
(23,2.00,15.00,5.00),
(23,3.00,15.00,2.00),
(23,4.00,15.00,11.00),
(23,5.00,15.00,2.00),
(23,6.00,15.00,5.00),
(23,7.00,15.00,11.00),
(24,1.00,15.00,5.00),
(24,2.00,15.00,2.00),
(24,3.00,15.00,5.00),
(24,4.00,15.00,11.00),
(24,5.00,15.00,2.00),
(24,6.00,15.00,5.00),
(24,7.00,15.00,11.00),
(24,8.00,15.00,2.00),
(25,1.00,15.00,11.00),
(25,2.00,15.00,5.00),
(25,3.00,15.00,2.00),
(25,4.00,15.00,5.00),
(25,5.00,15.00,11.00),
(25,6.00,15.00,2.00),
(25,7.00,15.00,11.00),
(25,8.00,15.00,2.00),
(26,1.00,20.00,5.00),
(26,2.00,20.00,2.00),
(26,3.00,20.00,5.00),
(26,4.00,20.00,11.00),
(26,5.00,20.00,2.00),
(26,6.00,20.00,5.00),
(26,7.00,20.00,11.00),
(26,8.00,20.00,2.00),
(26,9.00,20.00,11.00),
(27,1.00,20.00,2.00),
(27,2.00,20.00,5.00),
(27,3.00,20.00,11.00),
(27,4.00,20.00,2.00),
(27,5.00,20.00,5.00),
(27,6.00,20.00,11.00),
(27,7.00,20.00,2.00),
(27,8.00,20.00,5.00),
(27,9.00,20.00,11.00),
(27,10.00,20.00,11.00),
(28,1.00,20.00,2.00),
(28,2.00,20.00,5.00),
(28,3.00,20.00,11.00),
(28,4.00,20.00,2.00),
(28,5.00,20.00,5.00),
(28,6.00,20.00,5.00),
(28,7.00,20.00,11.00),
(28,8.00,20.00,2.00),
(28,9.00,20.00,5.00),
(28,10.00,20.00,11.00),
(28,11.00,20.00,2.00),
(29,1.00,20.00,2.00),
(29,2.00,20.00,5.00),
(29,3.00,20.00,5.00),
(29,4.00,20.00,11.00),
(29,5.00,20.00,2.00),
(29,6.00,20.00,5.00),
(29,7.00,20.00,11.00),
(29,8.00,20.00,2.00),
(29,9.00,20.00,5.00),
(29,10.00,20.00,11.00),
(29,11.00,20.00,2.00),
(29,12.00,20.00,5.00),
(30,1.00,20.00,2.00),
(30,2.00,20.00,5.00),
(30,3.00,20.00,5.00),
(30,4.00,20.00,11.00),
(30,5.00,20.00,2.00),
(30,6.00,20.00,11.00),
(30,7.00,20.00,5.00),
(30,8.00,20.00,11.00),
(30,9.00,20.00,2.00),
(30,10.00,20.00,5.00),
(30,11.00,20.00,11.00),
(30,12.00,20.00,2.00),
(31,1.00,25.00,2.00),
(31,2.00,25.00,11.00),
(31,3.00,25.00,7.00),
(31,4.00,25.00,7.00),
(31,5.00,25.00,2.00),
(31,6.00,25.00,11.00),
(31,7.00,25.00,7.00),
(31,8.00,25.00,2.00),
(31,9.00,25.00,11.00),
(31,10.00,25.00,7.00),
(31,11.00,25.00,2.00),
(31,12.00,25.00,11.00),
(31,13.00,25.00,7.00),
(32,1.00,25.00,2.00),
(32,2.00,25.00,7.00),
(32,3.00,25.00,7.00),
(32,4.00,25.00,11.00),
(32,5.00,25.00,2.00),
(32,6.00,25.00,11.00),
(32,7.00,25.00,7.00),
(32,8.00,25.00,7.00),
(32,9.00,25.00,11.00),
(32,10.00,25.00,2.00),
(32,11.00,25.00,11.00),
(32,12.00,25.00,7.00),
(32,13.00,25.00,2.00),
(32,14.00,25.00,11.00),
(33,1.00,25.00,2.00),
(33,2.00,25.00,11.00),
(33,3.00,25.00,7.00),
(33,4.00,25.00,2.00),
(33,5.00,25.00,7.00),
(33,6.00,25.00,11.00),
(33,7.00,25.00,2.00),
(33,8.00,25.00,11.00),
(33,9.00,25.00,7.00),
(33,10.00,25.00,7.00),
(33,11.00,25.00,2.00),
(33,12.00,25.00,7.00),
(33,13.00,25.00,11.00),
(33,14.00,25.00,11.00),
(33,15.00,25.00,2.00),
(34,1.00,25.00,7.00),
(34,2.00,25.00,2.00),
(34,3.00,25.00,11.00),
(34,4.00,25.00,7.00),
(34,5.00,25.00,2.00),
(34,6.00,25.00,11.00),
(34,7.00,25.00,7.00),
(34,8.00,25.00,2.00),
(34,9.00,25.00,11.00),
(34,10.00,25.00,7.00),
(34,11.00,25.00,2.00),
(34,12.00,25.00,11.00),
(34,13.00,25.00,7.00),
(34,14.00,25.00,2.00),
(34,15.00,25.00,7.00),
(34,16.00,25.00,2.00),
(35,1.00,25.00,2.00),
(35,2.00,25.00,7.00),
(35,3.00,25.00,11.00),
(35,4.00,25.00,2.00),
(35,5.00,25.00,7.00),
(35,6.00,25.00,11.00),
(35,7.00,25.00,7.00),
(35,8.00,25.00,2.00),
(35,9.00,25.00,7.00),
(35,10.00,25.00,11.00),
(35,11.00,25.00,2.00),
(35,12.00,25.00,7.00),
(35,13.00,25.00,11.00),
(35,14.00,25.00,2.00),
(35,15.00,25.00,7.00),
(35,16.00,25.00,2.00),
(36,1.00,30.00,7.00),
(36,2.00,30.00,11.00),
(36,3.00,30.00,7.00),
(36,4.00,30.00,2.00),
(36,5.00,30.00,11.00),
(36,6.00,30.00,11.00),
(36,7.00,30.00,2.00),
(36,8.00,30.00,11.00),
(36,9.00,30.00,7.00),
(36,10.00,30.00,2.00),
(36,11.00,30.00,2.00),
(36,12.00,30.00,2.00),
(36,13.00,30.00,11.00),
(36,14.00,30.00,7.00),
(36,15.00,30.00,7.00),
(36,16.00,30.00,2.00),
(36,17.00,30.00,7.00),
(37,1.00,30.00,2.00),
(37,2.00,30.00,7.00),
(37,3.00,30.00,11.00),
(37,4.00,30.00,2.00),
(37,5.00,30.00,11.00),
(37,6.00,30.00,7.00),
(37,7.00,30.00,2.00),
(37,8.00,30.00,7.00),
(37,9.00,30.00,7.00),
(37,10.00,30.00,2.00),
(37,11.00,30.00,11.00),
(37,12.00,30.00,11.00),
(37,13.00,30.00,2.00),
(37,14.00,30.00,7.00),
(37,15.00,30.00,11.00),
(37,16.00,30.00,2.00),
(37,17.00,30.00,7.00),
(37,18.00,30.00,11.00),
(38,1.00,30.00,2.00),
(38,2.00,30.00,11.00),
(38,3.00,30.00,11.00),
(38,4.00,30.00,7.00),
(38,5.00,30.00,7.00),
(38,6.00,30.00,2.00),
(38,7.00,30.00,11.00),
(38,8.00,30.00,7.00),
(38,9.00,30.00,7.00),
(38,10.00,30.00,2.00),
(38,11.00,30.00,11.00),
(38,12.00,30.00,11.00),
(38,13.00,30.00,7.00),
(38,14.00,30.00,2.00),
(38,15.00,30.00,11.00),
(38,16.00,30.00,11.00),
(38,17.00,30.00,2.00),
(38,18.00,30.00,7.00),
(38,19.00,30.00,2.00),
(39,1.00,30.00,2.00),
(39,2.00,30.00,7.00),
(39,3.00,30.00,11.00),
(39,4.00,30.00,11.00),
(39,5.00,30.00,2.00),
(39,6.00,30.00,7.00),
(39,7.00,30.00,2.00),
(39,8.00,30.00,11.00),
(39,9.00,30.00,2.00),
(39,10.00,30.00,11.00),
(39,11.00,30.00,7.00),
(39,12.00,30.00,2.00),
(39,13.00,30.00,11.00),
(39,14.00,30.00,11.00),
(39,15.00,30.00,11.00),
(39,16.00,30.00,2.00),
(39,17.00,30.00,7.00),
(39,18.00,30.00,7.00),
(39,19.00,30.00,7.00),
(39,20.00,30.00,2.00),
(40,1.00,30.00,2.00),
(40,2.00,30.00,7.00),
(40,3.00,30.00,11.00),
(40,4.00,30.00,11.00),
(40,5.00,30.00,11.00),
(40,6.00,30.00,2.00),
(40,7.00,30.00,7.00),
(40,8.00,30.00,2.00),
(40,9.00,30.00,11.00),
(40,10.00,30.00,7.00),
(40,11.00,30.00,2.00),
(40,12.00,30.00,11.00),
(40,13.00,30.00,7.00),
(40,14.00,30.00,2.00),
(40,15.00,30.00,7.00),
(40,16.00,30.00,7.00),
(40,17.00,30.00,2.00),
(40,18.00,30.00,11.00),
(40,19.00,30.00,7.00),
(40,20.00,30.00,11.00),
(41,1.00,60.00,3.00),
(41,2.00,60.00,5.00),
(41,3.00,60.00,5.00),
(41,4.00,60.00,12.00),
(41,5.00,60.00,3.00),
(42,1.00,60.00,5.00),
(42,2.00,60.00,3.00),
(42,3.00,60.00,5.00),
(42,4.00,60.00,3.00),
(42,5.00,60.00,12.00),
(42,6.00,60.00,3.00),
(43,1.00,60.00,3.00),
(43,2.00,60.00,5.00),
(43,3.00,60.00,3.00),
(43,4.00,60.00,12.00),
(43,5.00,60.00,3.00),
(43,6.00,60.00,5.00),
(43,7.00,60.00,12.00),
(44,1.00,60.00,5.00),
(44,2.00,60.00,3.00),
(44,3.00,60.00,5.00),
(44,4.00,60.00,12.00),
(44,5.00,60.00,3.00),
(44,6.00,60.00,5.00),
(44,7.00,60.00,12.00),
(44,8.00,60.00,3.00),
(45,1.00,60.00,12.00),
(45,2.00,60.00,5.00),
(45,3.00,60.00,3.00),
(45,4.00,60.00,5.00),
(45,5.00,60.00,12.00),
(45,6.00,60.00,3.00),
(45,7.00,60.00,12.00),
(45,8.00,60.00,3.00),
(46,1.00,60.00,5.00),
(46,2.00,60.00,3.00),
(46,3.00,60.00,5.00),
(46,4.00,60.00,12.00),
(46,5.00,60.00,3.00),
(46,6.00,60.00,5.00),
(46,7.00,60.00,12.00),
(46,8.00,60.00,3.00),
(46,9.00,60.00,12.00),
(47,1.00,60.00,3.00),
(47,2.00,60.00,5.00),
(47,3.00,60.00,12.00),
(47,4.00,60.00,3.00),
(47,5.00,60.00,5.00),
(47,6.00,60.00,12.00),
(47,7.00,60.00,3.00),
(47,8.00,60.00,5.00),
(47,9.00,60.00,12.00),
(47,10.00,60.00,12.00),
(48,1.00,60.00,3.00),
(48,2.00,60.00,5.00),
(48,3.00,60.00,12.00),
(48,4.00,60.00,3.00),
(48,5.00,60.00,5.00),
(48,6.00,60.00,5.00),
(48,7.00,60.00,12.00),
(48,8.00,60.00,3.00),
(48,9.00,60.00,5.00),
(48,10.00,60.00,12.00),
(48,11.00,60.00,3.00),
(49,1.00,60.00,3.00),
(49,2.00,60.00,5.00),
(49,3.00,60.00,5.00),
(49,4.00,60.00,12.00),
(49,5.00,60.00,3.00),
(49,6.00,60.00,5.00),
(49,7.00,60.00,12.00),
(49,8.00,60.00,3.00),
(49,9.00,60.00,5.00),
(49,10.00,60.00,12.00),
(49,11.00,60.00,3.00),
(49,12.00,60.00,5.00),
(50,1.00,60.00,3.00),
(50,2.00,60.00,5.00),
(50,3.00,60.00,5.00),
(50,4.00,60.00,12.00),
(50,5.00,60.00,3.00),
(50,6.00,60.00,12.00),
(50,7.00,60.00,5.00),
(50,8.00,60.00,12.00),
(50,9.00,60.00,3.00),
(50,10.00,60.00,5.00),
(50,11.00,60.00,12.00),
(50,12.00,60.00,3.00),
(51,1.00,60.00,3.00),
(51,2.00,60.00,12.00),
(51,3.00,60.00,8.00),
(51,4.00,60.00,8.00),
(51,5.00,60.00,3.00),
(51,6.00,60.00,12.00),
(51,7.00,60.00,8.00),
(51,8.00,60.00,3.00),
(51,9.00,60.00,12.00),
(51,10.00,60.00,8.00),
(51,11.00,60.00,3.00),
(51,12.00,60.00,12.00),
(51,13.00,60.00,8.00),
(52,1.00,60.00,3.00),
(52,2.00,60.00,8.00),
(52,3.00,60.00,8.00),
(52,4.00,60.00,12.00),
(52,5.00,60.00,3.00),
(52,6.00,60.00,12.00),
(52,7.00,60.00,8.00),
(52,8.00,60.00,8.00),
(52,9.00,60.00,12.00),
(52,10.00,60.00,3.00),
(52,11.00,60.00,12.00),
(52,12.00,60.00,8.00),
(52,13.00,60.00,3.00),
(52,14.00,60.00,12.00),
(53,1.00,60.00,3.00),
(53,2.00,60.00,12.00),
(53,3.00,60.00,8.00),
(53,4.00,60.00,3.00),
(53,5.00,60.00,8.00),
(53,6.00,60.00,12.00),
(53,7.00,60.00,3.00),
(53,8.00,60.00,12.00),
(53,9.00,60.00,8.00),
(53,10.00,60.00,8.00),
(53,11.00,60.00,3.00),
(53,12.00,60.00,8.00),
(53,13.00,60.00,12.00),
(53,14.00,60.00,12.00),
(53,15.00,60.00,3.00),
(54,1.00,60.00,8.00),
(54,2.00,60.00,3.00),
(54,3.00,60.00,12.00),
(54,4.00,60.00,8.00),
(54,5.00,60.00,3.00),
(54,6.00,60.00,12.00),
(54,7.00,60.00,8.00),
(54,8.00,60.00,3.00),
(54,9.00,60.00,12.00),
(54,10.00,60.00,8.00),
(54,11.00,60.00,3.00),
(54,12.00,60.00,12.00),
(54,13.00,60.00,8.00),
(54,14.00,60.00,3.00),
(54,15.00,60.00,8.00),
(54,16.00,60.00,3.00),
(55,1.00,60.00,3.00),
(55,2.00,60.00,8.00),
(55,3.00,60.00,12.00),
(55,4.00,60.00,3.00),
(55,5.00,60.00,8.00),
(55,6.00,60.00,12.00),
(55,7.00,60.00,8.00),
(55,8.00,60.00,3.00),
(55,9.00,60.00,8.00),
(55,10.00,60.00,12.00),
(55,11.00,60.00,3.00),
(55,12.00,60.00,8.00),
(55,13.00,60.00,12.00),
(55,14.00,60.00,3.00),
(55,15.00,60.00,8.00),
(55,16.00,60.00,3.00),
(56,1.00,60.00,8.00),
(56,2.00,60.00,12.00),
(56,3.00,60.00,8.00),
(56,4.00,60.00,3.00),
(56,5.00,60.00,12.00),
(56,6.00,60.00,12.00),
(56,7.00,60.00,3.00),
(56,8.00,60.00,12.00),
(56,9.00,60.00,8.00),
(56,10.00,60.00,3.00),
(56,11.00,60.00,3.00),
(56,12.00,60.00,3.00),
(56,13.00,60.00,12.00),
(56,14.00,60.00,8.00),
(56,15.00,60.00,8.00),
(56,16.00,60.00,3.00),
(56,17.00,60.00,8.00),
(57,1.00,60.00,3.00),
(57,2.00,60.00,8.00),
(57,3.00,60.00,12.00),
(57,4.00,60.00,3.00),
(57,5.00,60.00,12.00),
(57,6.00,60.00,8.00),
(57,7.00,60.00,3.00),
(57,8.00,60.00,8.00),
(57,9.00,60.00,8.00),
(57,10.00,60.00,3.00),
(57,11.00,60.00,12.00),
(57,12.00,60.00,12.00),
(57,13.00,60.00,3.00),
(57,14.00,60.00,8.00),
(57,15.00,60.00,12.00),
(57,16.00,60.00,3.00),
(57,17.00,60.00,8.00),
(57,18.00,60.00,12.00),
(58,1.00,60.00,3.00),
(58,2.00,60.00,12.00),
(58,3.00,60.00,12.00),
(58,4.00,60.00,8.00),
(58,5.00,60.00,8.00),
(58,6.00,60.00,3.00),
(58,7.00,60.00,12.00),
(58,8.00,60.00,8.00),
(58,9.00,60.00,8.00),
(58,10.00,60.00,3.00),
(58,11.00,60.00,12.00),
(58,12.00,60.00,12.00),
(58,13.00,60.00,8.00),
(58,14.00,60.00,3.00),
(58,15.00,60.00,12.00),
(58,16.00,60.00,12.00),
(58,17.00,60.00,3.00),
(58,18.00,60.00,8.00),
(58,19.00,60.00,3.00),
(59,1.00,60.00,3.00),
(59,2.00,60.00,8.00),
(59,3.00,60.00,12.00),
(59,4.00,60.00,12.00),
(59,5.00,60.00,3.00),
(59,6.00,60.00,8.00),
(59,7.00,60.00,3.00),
(59,8.00,60.00,12.00),
(59,9.00,60.00,3.00),
(59,10.00,60.00,12.00),
(59,11.00,60.00,8.00),
(59,12.00,60.00,3.00),
(59,13.00,60.00,12.00),
(59,14.00,60.00,12.00),
(59,15.00,60.00,12.00),
(59,16.00,60.00,3.00),
(59,17.00,60.00,8.00),
(59,18.00,60.00,8.00),
(59,19.00,60.00,8.00),
(59,20.00,60.00,3.00),
(60,1.00,60.00,3.00),
(60,2.00,60.00,8.00),
(60,3.00,60.00,12.00),
(60,4.00,60.00,12.00),
(60,5.00,60.00,12.00),
(60,6.00,60.00,3.00),
(60,7.00,60.00,8.00),
(60,8.00,60.00,3.00),
(60,9.00,60.00,12.00),
(60,10.00,60.00,8.00),
(60,11.00,60.00,3.00),
(60,12.00,60.00,12.00),
(60,13.00,60.00,8.00),
(60,14.00,60.00,3.00),
(60,15.00,60.00,8.00),
(60,16.00,60.00,8.00),
(60,17.00,60.00,3.00),
(60,18.00,60.00,12.00),
(60,19.00,60.00,8.00),
(60,20.00,60.00,12.00),
(61,1.00,100.00,4.00),
(61,2.00,100.00,5.00),
(61,3.00,100.00,5.00),
(61,4.00,100.00,13.00),
(61,5.00,100.00,4.00),
(62,1.00,100.00,5.00),
(62,2.00,100.00,4.00),
(62,3.00,100.00,5.00),
(62,4.00,100.00,4.00),
(62,5.00,100.00,13.00),
(62,6.00,100.00,4.00),
(63,1.00,100.00,4.00),
(63,2.00,100.00,5.00),
(63,3.00,100.00,4.00),
(63,4.00,100.00,13.00),
(63,5.00,100.00,4.00),
(63,6.00,100.00,5.00),
(63,7.00,100.00,13.00),
(64,1.00,100.00,5.00),
(64,2.00,100.00,4.00),
(64,3.00,100.00,5.00),
(64,4.00,100.00,13.00),
(64,5.00,100.00,4.00),
(64,6.00,100.00,5.00),
(64,7.00,100.00,13.00),
(64,8.00,100.00,4.00),
(65,1.00,100.00,13.00),
(65,2.00,100.00,5.00),
(65,3.00,100.00,4.00),
(65,4.00,100.00,5.00),
(65,5.00,100.00,13.00),
(65,6.00,100.00,4.00),
(65,7.00,100.00,13.00),
(65,8.00,100.00,4.00),
(66,1.00,100.00,5.00),
(66,2.00,100.00,4.00),
(66,3.00,100.00,5.00),
(66,4.00,100.00,13.00),
(66,5.00,100.00,4.00),
(66,6.00,100.00,5.00),
(66,7.00,100.00,13.00),
(66,8.00,100.00,4.00),
(66,9.00,100.00,13.00),
(67,1.00,100.00,4.00),
(67,2.00,100.00,5.00),
(67,3.00,100.00,13.00),
(67,4.00,100.00,4.00),
(67,5.00,100.00,5.00),
(67,6.00,100.00,13.00),
(67,7.00,100.00,4.00),
(67,8.00,100.00,5.00),
(67,9.00,100.00,13.00),
(67,10.00,100.00,13.00),
(68,1.00,100.00,4.00),
(68,2.00,100.00,5.00),
(68,3.00,100.00,13.00),
(68,4.00,100.00,4.00),
(68,5.00,100.00,5.00),
(68,6.00,100.00,5.00),
(68,7.00,100.00,13.00),
(68,8.00,100.00,4.00),
(68,9.00,100.00,5.00),
(68,10.00,100.00,13.00),
(68,11.00,100.00,4.00),
(69,1.00,100.00,4.00),
(69,2.00,100.00,5.00),
(69,3.00,100.00,5.00),
(69,4.00,100.00,13.00),
(69,5.00,100.00,4.00),
(69,6.00,100.00,5.00),
(69,7.00,100.00,13.00),
(69,8.00,100.00,4.00),
(69,9.00,100.00,5.00),
(69,10.00,100.00,13.00),
(69,11.00,100.00,4.00),
(69,12.00,100.00,5.00),
(70,1.00,100.00,4.00),
(70,2.00,100.00,5.00),
(70,3.00,100.00,5.00),
(70,4.00,100.00,13.00),
(70,5.00,100.00,4.00),
(70,6.00,100.00,13.00),
(70,7.00,100.00,5.00),
(70,8.00,100.00,13.00),
(70,9.00,100.00,4.00),
(70,10.00,100.00,5.00),
(70,11.00,100.00,13.00),
(70,12.00,100.00,4.00),
(71,1.00,100.00,4.00),
(71,2.00,100.00,13.00),
(71,3.00,100.00,8.00),
(71,4.00,100.00,8.00),
(71,5.00,100.00,4.00),
(71,6.00,100.00,13.00),
(71,7.00,100.00,8.00),
(71,8.00,100.00,4.00),
(71,9.00,100.00,13.00),
(71,10.00,100.00,8.00),
(71,11.00,100.00,4.00),
(71,12.00,100.00,13.00),
(71,13.00,100.00,8.00),
(72,1.00,100.00,4.00),
(72,2.00,100.00,8.00),
(72,3.00,100.00,8.00),
(72,4.00,100.00,13.00),
(72,5.00,100.00,4.00),
(72,6.00,100.00,13.00),
(72,7.00,100.00,8.00),
(72,8.00,100.00,8.00),
(72,9.00,100.00,13.00),
(72,10.00,100.00,4.00),
(72,11.00,100.00,13.00),
(72,12.00,100.00,8.00),
(72,13.00,100.00,4.00),
(72,14.00,100.00,13.00),
(73,1.00,100.00,4.00),
(73,2.00,100.00,13.00),
(73,3.00,100.00,8.00),
(73,4.00,100.00,4.00),
(73,5.00,100.00,8.00),
(73,6.00,100.00,13.00),
(73,7.00,100.00,4.00),
(73,8.00,100.00,13.00),
(73,9.00,100.00,8.00),
(73,10.00,100.00,8.00),
(73,11.00,100.00,4.00),
(73,12.00,100.00,8.00),
(73,13.00,100.00,13.00),
(73,14.00,100.00,13.00),
(73,15.00,100.00,4.00),
(74,1.00,100.00,8.00),
(74,2.00,100.00,4.00),
(74,3.00,100.00,13.00),
(74,4.00,100.00,8.00),
(74,5.00,100.00,4.00),
(74,6.00,100.00,13.00),
(74,7.00,100.00,8.00),
(74,8.00,100.00,4.00),
(74,9.00,100.00,13.00),
(74,10.00,100.00,8.00),
(74,11.00,100.00,4.00),
(74,12.00,100.00,13.00),
(74,13.00,100.00,8.00),
(74,14.00,100.00,4.00),
(74,15.00,100.00,8.00),
(74,16.00,100.00,4.00),
(75,1.00,100.00,4.00),
(75,2.00,100.00,8.00),
(75,3.00,100.00,13.00),
(75,4.00,100.00,4.00),
(75,5.00,100.00,8.00),
(75,6.00,100.00,13.00),
(75,7.00,100.00,8.00),
(75,8.00,100.00,4.00),
(75,9.00,100.00,8.00),
(75,10.00,100.00,13.00),
(75,11.00,100.00,4.00),
(75,12.00,100.00,8.00),
(75,13.00,100.00,13.00),
(75,14.00,100.00,4.00),
(75,15.00,100.00,8.00),
(75,16.00,100.00,4.00),
(76,1.00,100.00,8.00),
(76,2.00,100.00,13.00),
(76,3.00,100.00,8.00),
(76,4.00,100.00,4.00),
(76,5.00,100.00,13.00),
(76,6.00,100.00,13.00),
(76,7.00,100.00,4.00),
(76,8.00,100.00,13.00),
(76,9.00,100.00,8.00),
(76,10.00,100.00,4.00),
(76,11.00,100.00,4.00),
(76,12.00,100.00,4.00),
(76,13.00,100.00,13.00),
(76,14.00,100.00,8.00),
(76,15.00,100.00,8.00),
(76,16.00,100.00,4.00),
(76,17.00,100.00,8.00),
(77,1.00,100.00,4.00),
(77,2.00,100.00,8.00),
(77,3.00,100.00,13.00),
(77,4.00,100.00,4.00),
(77,5.00,100.00,13.00),
(77,6.00,100.00,8.00),
(77,7.00,100.00,4.00),
(77,8.00,100.00,8.00),
(77,9.00,100.00,8.00),
(77,10.00,100.00,4.00),
(77,11.00,100.00,13.00),
(77,12.00,100.00,13.00),
(77,13.00,100.00,4.00),
(77,14.00,100.00,8.00),
(77,15.00,100.00,13.00),
(77,16.00,100.00,4.00),
(77,17.00,100.00,8.00),
(77,18.00,100.00,13.00),
(78,1.00,100.00,4.00),
(78,2.00,100.00,13.00),
(78,3.00,100.00,13.00),
(78,4.00,100.00,8.00),
(78,5.00,100.00,8.00),
(78,6.00,100.00,4.00),
(78,7.00,100.00,13.00),
(78,8.00,100.00,8.00),
(78,9.00,100.00,8.00),
(78,10.00,100.00,4.00),
(78,11.00,100.00,13.00),
(78,12.00,100.00,13.00),
(78,13.00,100.00,8.00),
(78,14.00,100.00,4.00),
(78,15.00,100.00,13.00),
(78,16.00,100.00,13.00),
(78,17.00,100.00,4.00),
(78,18.00,100.00,8.00),
(78,19.00,100.00,4.00),
(79,1.00,100.00,4.00),
(79,2.00,100.00,8.00),
(79,3.00,100.00,13.00),
(79,4.00,100.00,13.00),
(79,5.00,100.00,4.00),
(79,6.00,100.00,8.00),
(79,7.00,100.00,4.00),
(79,8.00,100.00,13.00),
(79,9.00,100.00,4.00),
(79,10.00,100.00,13.00),
(79,11.00,100.00,8.00),
(79,12.00,100.00,4.00),
(79,13.00,100.00,13.00),
(79,14.00,100.00,13.00),
(79,15.00,100.00,13.00),
(79,16.00,100.00,4.00),
(79,17.00,100.00,8.00),
(79,18.00,100.00,8.00),
(79,19.00,100.00,8.00),
(79,20.00,100.00,4.00),
(80,1.00,100.00,4.00),
(80,2.00,100.00,8.00),
(80,3.00,100.00,13.00),
(80,4.00,100.00,13.00),
(80,5.00,100.00,13.00),
(80,6.00,100.00,4.00),
(80,7.00,100.00,8.00),
(80,8.00,100.00,4.00),
(80,9.00,100.00,13.00),
(80,10.00,100.00,8.00),
(80,11.00,100.00,4.00),
(80,12.00,100.00,13.00),
(80,13.00,100.00,8.00),
(80,14.00,100.00,4.00),
(80,15.00,100.00,8.00),
(80,16.00,100.00,8.00),
(80,17.00,100.00,4.00),
(80,18.00,100.00,13.00),
(80,19.00,100.00,8.00),
(80,20.00,100.00,13.00),
(81,1.00,200.00,4.00),
(81,2.00,200.00,5.00),
(81,3.00,200.00,5.00),
(81,4.00,200.00,14.00),
(81,5.00,200.00,4.00),
(82,1.00,200.00,5.00),
(82,2.00,200.00,4.00),
(82,3.00,200.00,5.00),
(82,4.00,200.00,4.00),
(82,5.00,200.00,14.00),
(82,6.00,200.00,4.00),
(83,1.00,200.00,4.00),
(83,2.00,200.00,5.00),
(83,3.00,200.00,4.00),
(83,4.00,200.00,14.00),
(83,5.00,200.00,4.00),
(83,6.00,200.00,5.00),
(83,7.00,200.00,14.00),
(84,1.00,200.00,5.00),
(84,2.00,200.00,4.00),
(84,3.00,200.00,5.00),
(84,4.00,200.00,14.00),
(84,5.00,200.00,4.00),
(84,6.00,200.00,5.00),
(84,7.00,200.00,14.00),
(84,8.00,200.00,4.00),
(85,1.00,200.00,14.00),
(85,2.00,200.00,5.00),
(85,3.00,200.00,4.00),
(85,4.00,200.00,5.00),
(85,5.00,200.00,14.00),
(85,6.00,200.00,4.00),
(85,7.00,200.00,14.00),
(85,8.00,200.00,4.00),
(86,1.00,200.00,5.00),
(86,2.00,200.00,4.00),
(86,3.00,200.00,5.00),
(86,4.00,200.00,14.00),
(86,5.00,200.00,4.00),
(86,6.00,200.00,5.00),
(86,7.00,200.00,14.00),
(86,8.00,200.00,4.00),
(86,9.00,200.00,14.00),
(87,1.00,200.00,4.00),
(87,2.00,200.00,5.00),
(87,3.00,200.00,14.00),
(87,4.00,200.00,4.00),
(87,5.00,200.00,5.00),
(87,6.00,200.00,14.00),
(87,7.00,200.00,4.00),
(87,8.00,200.00,5.00),
(87,9.00,200.00,14.00),
(87,10.00,200.00,14.00),
(88,1.00,200.00,4.00),
(88,2.00,200.00,5.00),
(88,3.00,200.00,14.00),
(88,4.00,200.00,4.00),
(88,5.00,200.00,5.00),
(88,6.00,200.00,5.00),
(88,7.00,200.00,14.00),
(88,8.00,200.00,4.00),
(88,9.00,200.00,5.00),
(88,10.00,200.00,14.00),
(88,11.00,200.00,4.00),
(89,1.00,200.00,4.00),
(89,2.00,200.00,5.00),
(89,3.00,200.00,5.00),
(89,4.00,200.00,14.00),
(89,5.00,200.00,4.00),
(89,6.00,200.00,5.00),
(89,7.00,200.00,14.00),
(89,8.00,200.00,4.00),
(89,9.00,200.00,5.00),
(89,10.00,200.00,14.00),
(89,11.00,200.00,4.00),
(89,12.00,200.00,5.00),
(90,1.00,200.00,4.00),
(90,2.00,200.00,5.00),
(90,3.00,200.00,5.00),
(90,4.00,200.00,14.00),
(90,5.00,200.00,4.00),
(90,6.00,200.00,14.00),
(90,7.00,200.00,5.00),
(90,8.00,200.00,14.00),
(90,9.00,200.00,4.00),
(90,10.00,200.00,5.00),
(90,11.00,200.00,14.00),
(90,12.00,200.00,4.00),
(91,1.00,200.00,4.00),
(91,2.00,200.00,14.00),
(91,3.00,200.00,9.00),
(91,4.00,200.00,9.00),
(91,5.00,200.00,4.00),
(91,6.00,200.00,14.00),
(91,7.00,200.00,9.00),
(91,8.00,200.00,4.00),
(91,9.00,200.00,14.00),
(91,10.00,200.00,9.00),
(91,11.00,200.00,4.00),
(91,12.00,200.00,14.00),
(91,13.00,200.00,9.00),
(92,1.00,200.00,4.00),
(92,2.00,200.00,9.00),
(92,3.00,200.00,9.00),
(92,4.00,200.00,14.00),
(92,5.00,200.00,4.00),
(92,6.00,200.00,14.00),
(92,7.00,200.00,9.00),
(92,8.00,200.00,9.00),
(92,9.00,200.00,14.00),
(92,10.00,200.00,4.00),
(92,11.00,200.00,14.00),
(92,12.00,200.00,9.00),
(92,13.00,200.00,4.00),
(92,14.00,200.00,14.00),
(93,1.00,200.00,4.00),
(93,2.00,200.00,14.00),
(93,3.00,200.00,9.00),
(93,4.00,200.00,4.00),
(93,5.00,200.00,9.00),
(93,6.00,200.00,14.00),
(93,7.00,200.00,4.00),
(93,8.00,200.00,14.00),
(93,9.00,200.00,9.00),
(93,10.00,200.00,9.00),
(93,11.00,200.00,4.00),
(93,12.00,200.00,9.00),
(93,13.00,200.00,14.00),
(93,14.00,200.00,14.00),
(93,15.00,200.00,4.00),
(94,1.00,200.00,9.00),
(94,2.00,200.00,4.00),
(94,3.00,200.00,14.00),
(94,4.00,200.00,9.00),
(94,5.00,200.00,4.00),
(94,6.00,200.00,14.00),
(94,7.00,200.00,9.00),
(94,8.00,200.00,4.00),
(94,9.00,200.00,14.00),
(94,10.00,200.00,9.00),
(94,11.00,200.00,4.00),
(94,12.00,200.00,14.00),
(94,13.00,200.00,9.00),
(94,14.00,200.00,4.00),
(94,15.00,200.00,9.00),
(94,16.00,200.00,4.00),
(95,1.00,200.00,4.00),
(95,2.00,200.00,9.00),
(95,3.00,200.00,14.00),
(95,4.00,200.00,4.00),
(95,5.00,200.00,9.00),
(95,6.00,200.00,14.00),
(95,7.00,200.00,9.00),
(95,8.00,200.00,4.00),
(95,9.00,200.00,9.00),
(95,10.00,200.00,14.00),
(95,11.00,200.00,4.00),
(95,12.00,200.00,9.00),
(95,13.00,200.00,14.00),
(95,14.00,200.00,4.00),
(95,15.00,200.00,9.00),
(95,16.00,200.00,4.00),
(96,1.00,200.00,9.00),
(96,2.00,200.00,14.00),
(96,3.00,200.00,9.00),
(96,4.00,200.00,4.00),
(96,5.00,200.00,14.00),
(96,6.00,200.00,14.00),
(96,7.00,200.00,4.00),
(96,8.00,200.00,14.00),
(96,9.00,200.00,9.00),
(96,10.00,200.00,4.00),
(96,11.00,200.00,4.00),
(96,12.00,200.00,4.00),
(96,13.00,200.00,14.00),
(96,14.00,200.00,9.00),
(96,15.00,200.00,9.00),
(96,16.00,200.00,4.00),
(96,17.00,200.00,9.00),
(97,1.00,200.00,4.00),
(97,2.00,200.00,9.00),
(97,3.00,200.00,14.00),
(97,4.00,200.00,4.00),
(97,5.00,200.00,14.00),
(97,6.00,200.00,9.00),
(97,7.00,200.00,4.00),
(97,8.00,200.00,9.00),
(97,9.00,200.00,9.00),
(97,10.00,200.00,4.00),
(97,11.00,200.00,14.00),
(97,12.00,200.00,14.00),
(97,13.00,200.00,4.00),
(97,14.00,200.00,9.00),
(97,15.00,200.00,14.00),
(97,16.00,200.00,4.00),
(97,17.00,200.00,9.00),
(97,18.00,200.00,14.00),
(98,1.00,200.00,4.00),
(98,2.00,200.00,14.00),
(98,3.00,200.00,14.00),
(98,4.00,200.00,9.00),
(98,5.00,200.00,9.00),
(98,6.00,200.00,4.00),
(98,7.00,200.00,14.00),
(98,8.00,200.00,9.00),
(98,9.00,200.00,9.00),
(98,10.00,200.00,4.00),
(98,11.00,200.00,14.00),
(98,12.00,200.00,14.00),
(98,13.00,200.00,9.00),
(98,14.00,200.00,4.00),
(98,15.00,200.00,14.00),
(98,16.00,200.00,14.00),
(98,17.00,200.00,4.00),
(98,18.00,200.00,9.00),
(98,19.00,200.00,4.00),
(99,1.00,200.00,4.00),
(99,2.00,200.00,9.00),
(99,3.00,200.00,14.00),
(99,4.00,200.00,14.00),
(99,5.00,200.00,4.00),
(99,6.00,200.00,9.00),
(99,7.00,200.00,4.00),
(99,8.00,200.00,14.00),
(99,9.00,200.00,4.00),
(99,10.00,200.00,14.00),
(99,11.00,200.00,9.00),
(99,12.00,200.00,4.00),
(99,13.00,200.00,14.00),
(99,14.00,200.00,14.00),
(99,15.00,200.00,14.00),
(99,16.00,200.00,4.00),
(99,17.00,200.00,9.00),
(99,18.00,200.00,9.00),
(99,19.00,200.00,9.00),
(99,20.00,200.00,4.00),
(100,1.00,200.00,4.00),
(100,2.00,200.00,9.00),
(100,3.00,200.00,14.00),
(100,4.00,200.00,14.00),
(100,5.00,200.00,14.00),
(100,6.00,200.00,4.00),
(100,7.00,200.00,9.00),
(100,8.00,200.00,4.00),
(100,9.00,200.00,14.00),
(100,10.00,200.00,9.00),
(100,11.00,200.00,4.00),
(100,12.00,200.00,14.00),
(100,13.00,200.00,9.00),
(100,14.00,200.00,4.00),
(100,15.00,200.00,9.00),
(100,16.00,200.00,9.00),
(100,17.00,200.00,4.00),
(100,18.00,200.00,14.00),
(100,19.00,200.00,9.00),
(100,20.00,200.00,14.00);
