INSERT INTO `randbattle_attr` VALUES
(10,0,0.000000,1),
(11,5,0.150000,1),
(12,8,-0.150000,1),
(20,0,0.000000,2),
(21,19,0.250000,2),
(22,21,100.000000,2),
(23,9,-0.250000,2),
(30,0,0.000000,3),
(31,16,0.300000,3),
(32,15,0.300000,3),
(33,18,-0.300000,3),
(34,17,-0.300000,3),
(40,0,0.000000,4),
(41,11,-0.400000,4),
(42,12,-0.400000,4),
(43,13,0.400000,4),
(44,14,-0.400000,4),
(45,10,0.400000,4),
(50,0,0.000000,5),
(51,2,0.500000,5),
(52,20,0.500000,5),
(53,4,-0.500000,5),
(54,7,0.500000,5),
(55,3,-0.500000,5),
(56,6,0.500000,5),
(57,1,-0.250000,5),
(60,0,0.000000,0);
