INSERT INTO `ride` VALUES
(1,'翠凝天锐',9501,'9611;9612;9613;9614;9615;9616;9617;9618',20001),
(2,'沧海遗锋',9502,'9621;9622;9623;9624;9625;9626;9627;9628',20002),
(3,'紫鸢銛羽',9503,'9631;9632;9633;9634;9635;9636;9637;9638',20003),
(4,'金雕冽翎',9504,'9641;9642;9643;9644;9645;9646;9647;9648',20004),
(5,'雌雄交鸣',9505,'9651;9652;9653;9654;9655;9656;9657;9658',20005),
(6,'龙凤呈祥',9506,'9661;9662;9663;9664;9665;9666;9667;9668',20006),
(7,'君子淑女',9507,'9671;9672;9673;9674;9675;9676;9677;9678',20007),
(8,'明忆今昔',9508,'9681;9682;9683;9684;9685;9686;9687;9688',20007),
(9,'梅结松竹',9509,'9691;9692;9693;9694;9695;9696;9697;9698',20007),
(10,'星伴日月',9510,'9701;9702;9703;9704;9705;9706;9707;9708',20007),
(11,'人感天地',9511,'9711;9712;9713;9714;9715;9716;9717;9718',20007),
(12,'青引红白',9512,'9721;9722;9723;9724;9725;9726;9727;9728',20007);
