INSERT INTO `ride_upgrade` VALUES
(0,'太古元初',75,3,100,0.000000),
(1,'混沌初诞I',75,3,210,0.010000),
(2,'混沌初诞II',75,3,330,0.020000),
(3,'混沌初诞III',75,3,460,0.030000),
(4,'混沌初诞IV',75,3,600,0.040000),
(5,'混沌初诞V',80,4,750,0.050000),
(6,'源霾浅凝I',80,4,910,0.061000),
(7,'源霾浅凝II',80,4,1080,0.072000),
(8,'源霾浅凝III',80,4,1260,0.083000),
(9,'源霾浅凝IV',80,4,1450,0.094000),
(10,'源霾浅凝V',85,5,1650,0.105000),
(11,'菁漩新启I',85,5,1860,0.117000),
(12,'菁漩新启II',85,5,2080,0.129000),
(13,'菁漩新启III',85,5,2310,0.141000),
(14,'菁漩新启IV',85,5,2550,0.153000),
(15,'菁漩新启V',90,6,2800,0.165000),
(16,'破穹骤绽I',90,6,3060,0.178000),
(17,'破穹骤绽II',90,6,3330,0.191000),
(18,'破穹骤绽III',90,6,3610,0.204000),
(19,'破穹骤绽IV',90,6,3900,0.217000),
(20,'破穹骤绽V',95,7,4200,0.230000),
(21,'摄华流溢I',95,7,4510,0.244000),
(22,'摄华流溢II',95,7,4830,0.258000),
(23,'摄华流溢III',95,7,5160,0.272000),
(24,'摄华流溢IV',95,7,5500,0.286000),
(25,'摄华流溢V',100,8,5850,0.300000),
(26,'獠芒广布I',100,8,6210,0.315000),
(27,'獠芒广布II',100,8,6580,0.330000),
(28,'獠芒广布III',100,8,6960,0.345000),
(29,'獠芒广布IV',100,8,7350,0.360000),
(30,'獠芒广布V',105,9,7750,0.375000),
(31,'矗山易海I',105,9,8160,0.391000),
(32,'矗山易海II',105,9,8580,0.407000),
(33,'矗山易海III',105,9,9010,0.423000),
(34,'矗山易海IV',105,9,9450,0.439000),
(35,'矗山易海V',110,10,9900,0.455000),
(36,'锐至再敛I',110,10,10360,0.473000),
(37,'锐至再敛II',110,10,10830,0.491000),
(38,'锐至再敛III',110,10,11310,0.509000),
(39,'锐至再敛IV',110,10,11800,0.527000),
(40,'锐至再敛V',115,11,12300,0.545000),
(41,'极华渐结I',115,11,12810,0.565000),
(42,'极华渐结II',115,11,13330,0.585000),
(43,'极华渐结III',115,11,13860,0.605000),
(44,'极华渐结IV',115,11,14400,0.625000),
(45,'极华渐结V',120,12,14950,0.645000),
(46,'熠势重焕I',120,12,15510,0.667000),
(47,'熠势重焕II',120,12,16080,0.689000),
(48,'熠势重焕III',120,12,16660,0.711000),
(49,'熠势重焕IV',120,12,17250,0.733000),
(50,'熠势重焕V',125,13,17850,0.755000),
(51,'亘刹随心I',125,13,18460,0.779000),
(52,'亘刹随心II',125,13,19080,0.803000),
(53,'亘刹随心III',125,13,19710,0.827000),
(54,'亘刹随心IV',125,13,20350,0.851000),
(55,'亘刹随心V',130,14,21000,0.875000),
(56,'众象归元I',130,14,21660,0.901000),
(57,'众象归元II',130,14,22330,0.927000),
(58,'众象归元III',130,14,23010,0.953000),
(59,'众象归元IV',130,14,23700,0.979000),
(60,'众象归元V',130,99,99999,1.005000);
