INSERT INTO `signet` VALUES
(1,1,'活力之刻印I',2,1,60,80,0,5),
(1,2,'活力之刻印II',2,1,180,160,0,20),
(1,3,'活力之刻印III',2,1,360,240,0,45),
(1,4,'活力之刻印IV',2,1,600,0,38,80),
(1,5,'活力之刻印V',2,1,900,0,48,125),
(1,6,'不屈之刻印I',3,1,1260,480,0,185),
(1,7,'不屈之刻印II',3,1,1680,560,0,260),
(1,8,'不屈之刻印III',3,1,2160,640,0,350),
(1,9,'不屈之刻印IV',3,1,2700,0,86,455),
(1,10,'不屈之刻印V',3,1,3300,0,96,575),
(1,11,'再生之刻印I',4,1,3960,880,0,715),
(1,12,'再生之刻印II',4,1,4680,960,0,875),
(1,13,'再生之刻印III',4,1,5460,1040,0,1055),
(1,14,'再生之刻印IV',4,1,6300,0,134,1255),
(1,15,'再生之刻印V',4,1,7200,0,144,1475),
(1,16,'不朽之刻印I',5,1,8160,1280,0,1720),
(1,17,'不朽之刻印II',5,1,9180,1360,0,1990),
(1,18,'不朽之刻印III',5,1,10260,1440,0,2285),
(1,19,'不朽之刻印IV',5,1,11400,0,182,2605),
(1,20,'不朽之刻印V',5,1,12600,0,192,2950),
(1,21,'永生之刻印I',6,1,13860,2016,0,3325),
(1,22,'永生之刻印II',6,1,15240,2208,0,3730),
(1,23,'永生之刻印III',6,1,16800,2496,0,4165),
(1,24,'永生之刻印IV',6,1,18600,0,288,4630),
(1,25,'永生之刻印V',6,1,20700,0,336,5125),
(2,1,'破邪之刻印I',2,2,25,80,0,10),
(2,2,'破邪之刻印II',2,2,80,160,0,35),
(2,3,'破邪之刻印III',2,2,165,240,0,75),
(2,4,'破邪之刻印IV',2,2,280,0,38,130),
(2,5,'破邪之刻印V',2,2,425,0,48,200),
(2,6,'伏魔之刻印I',3,2,600,480,0,290),
(2,7,'伏魔之刻印II',3,2,805,560,0,400),
(2,8,'伏魔之刻印III',3,2,1040,640,0,530),
(2,9,'伏魔之刻印IV',3,2,1305,0,86,680),
(2,10,'伏魔之刻印V',3,2,1600,0,96,850),
(2,11,'修罗之刻印I',4,2,1925,880,0,1045),
(2,12,'修罗之刻印II',4,2,2280,960,0,1265),
(2,13,'修罗之刻印III',4,2,2665,1040,0,1510),
(2,14,'修罗之刻印IV',4,2,3080,0,134,1780),
(2,15,'修罗之刻印V',4,2,3525,0,144,2075),
(2,16,'终焉之刻印I',5,2,4000,1280,0,2400),
(2,17,'终焉之刻印II',5,2,4505,1360,0,2755),
(2,18,'终焉之刻印III',5,2,5040,1440,0,3140),
(2,19,'终焉之刻印IV',5,2,5605,0,182,3555),
(2,20,'终焉之刻印V',5,2,6200,0,192,4000),
(2,21,'寂灭之刻印I',6,2,6825,2016,0,4480),
(2,22,'寂灭之刻印II',6,2,7480,2208,0,4995),
(2,23,'寂灭之刻印III',6,2,8165,2496,0,5545),
(2,24,'寂灭之刻印IV',6,2,8880,0,288,6130),
(2,25,'寂灭之刻印V',6,2,9625,0,336,6750),
(3,1,'鸣动之刻印I',2,3,25,80,0,10),
(3,2,'鸣动之刻印II',2,3,80,160,0,35),
(3,3,'鸣动之刻印III',2,3,165,240,0,75),
(3,4,'鸣动之刻印IV',2,3,280,0,38,130),
(3,5,'鸣动之刻印V',2,3,425,0,48,200),
(3,6,'灭魔之刻印I',3,3,600,480,0,290),
(3,7,'灭魔之刻印II',3,3,805,560,0,400),
(3,8,'灭魔之刻印III',3,3,1040,640,0,530),
(3,9,'灭魔之刻印IV',3,3,1305,0,86,680),
(3,10,'灭魔之刻印V',3,3,1600,0,96,850),
(3,11,'仙阵之刻印I',4,3,1925,880,0,1045),
(3,12,'仙阵之刻印II',4,3,2280,960,0,1265),
(3,13,'仙阵之刻印III',4,3,2665,1040,0,1510),
(3,14,'仙阵之刻印IV',4,3,3080,0,134,1780),
(3,15,'仙阵之刻印V',4,3,3525,0,144,2075),
(3,16,'轮回之刻印I',5,3,4000,1280,0,2400),
(3,17,'轮回之刻印II',5,3,4505,1360,0,2755),
(3,18,'轮回之刻印III',5,3,5040,1440,0,3140),
(3,19,'轮回之刻印IV',5,3,5605,0,182,3555),
(3,20,'轮回之刻印V',5,3,6200,0,192,4000),
(3,21,'混沌之刻印I',6,3,6825,2016,0,4480),
(3,22,'混沌之刻印II',6,3,7480,2112,0,4995),
(3,23,'混沌之刻印III',6,3,8165,2208,0,5545),
(3,24,'混沌之刻印IV',6,3,8880,0,230,6130),
(3,25,'混沌之刻印V',6,3,9625,0,240,6750),
(4,1,'疾风之刻印I',2,4,3,80,0,15),
(4,2,'疾风之刻印II',2,4,9,160,0,50),
(4,3,'疾风之刻印III',2,4,18,240,0,105),
(4,4,'疾风之刻印IV',2,4,30,0,38,180),
(4,5,'疾风之刻印V',2,4,45,0,48,275),
(4,6,'飞遁之刻印I',3,4,63,480,0,395),
(4,7,'飞遁之刻印II',3,4,84,560,0,540),
(4,8,'飞遁之刻印III',3,4,108,640,0,710),
(4,9,'飞遁之刻印IV',3,4,135,0,86,905),
(4,10,'飞遁之刻印V',3,4,165,0,96,1125),
(4,11,'一闪之刻印I',4,4,198,880,0,1375),
(4,12,'一闪之刻印II',4,4,234,960,0,1655),
(4,13,'一闪之刻印III',4,4,273,1040,0,1965),
(4,14,'一闪之刻印IV',4,4,315,0,134,2305),
(4,15,'一闪之刻印V',4,4,360,0,144,2675),
(4,16,'瞬身之刻印I',5,4,408,1280,0,3080),
(4,17,'瞬身之刻印II',5,4,459,1360,0,3520),
(4,18,'瞬身之刻印III',5,4,513,1440,0,3995),
(4,19,'瞬身之刻印IV',5,4,570,0,182,4505),
(4,20,'瞬身之刻印V',5,4,630,0,192,5050),
(4,21,'无影之刻印I',6,4,693,2016,0,5635),
(4,22,'无影之刻印II',6,4,759,2112,0,6260),
(4,23,'无影之刻印III',6,4,828,2208,0,6925),
(4,24,'无影之刻印IV',6,4,900,0,230,7630),
(4,25,'无影之刻印V',6,4,975,0,240,8375),
(5,1,'护魄之刻印I',2,5,1,80,0,25),
(5,2,'护魄之刻印II',2,5,2,160,0,80),
(5,3,'护魄之刻印III',2,5,3,240,0,165),
(5,4,'护魄之刻印IV',2,5,5,0,38,280),
(5,5,'护魄之刻印V',2,5,7,0,48,425),
(5,6,'巨魁之刻印I',3,5,9,480,0,605),
(5,7,'巨魁之刻印II',3,5,12,560,0,820),
(5,8,'巨魁之刻印III',3,5,15,640,0,1070),
(5,9,'巨魁之刻印IV',3,5,18,0,86,1355),
(5,10,'巨魁之刻印V',3,5,21,0,96,1675),
(5,11,'金刚之刻印I',4,5,24,880,0,2035),
(5,12,'金刚之刻印II',4,5,28,960,0,2435),
(5,13,'金刚之刻印III',4,5,32,1040,0,2875),
(5,14,'金刚之刻印IV',4,5,36,0,134,3355),
(5,15,'金刚之刻印V',4,5,41,0,144,3875),
(5,16,'明王之刻印I',5,5,46,1280,0,4440),
(5,17,'明王之刻印II',5,5,51,1360,0,5050),
(5,18,'明王之刻印III',5,5,56,1440,0,5705),
(5,19,'明王之刻印IV',5,5,61,0,182,6405),
(5,20,'明王之刻印V',5,5,67,0,192,7150),
(5,21,'九幽刻印I',6,5,73,2016,0,7945),
(5,22,'九幽刻印II',6,5,79,2112,0,8790),
(5,23,'九幽刻印III',6,5,86,2208,0,9685),
(5,24,'九幽刻印IV',6,5,93,0,230,10630),
(5,25,'九幽刻印V',6,5,100,0,240,11625);
