INSERT INTO `skillEffect` VALUES
(0,'name',0,0,0,0.00,0,0.00),
(0,'0',0,0,0,0.00,0,0.00),
(1,'箭雨',0,0,0,0.00,0,0.00),
(2,'冰箭',0,0,0,0.00,0,0.00),
(3,'孙武后人',0,0,0,0.00,0,0.00),
(4,'步兵体形普攻',4,0,85,0.00,0,0.00),
(5,'骑兵体形普攻',4,0,100,0.00,0,0.00),
(6,'弓兵体形普射',5,0,100,0.00,0,0.00),
(7,'谋士体形普攻',0,0,0,0.00,0,0.00),
(8,'枪兵体形普攻',0,0,0,0.00,0,0.00),
(11,'许褚体形普攻',4,0,85,0.00,0,0.00),
(12,'弓兵体形普攻',4,0,85,0.00,0,0.00),
(10101,'飞翔剑',0,0,0,0.00,0,0.00),
(10102,'0',0,0,0,0.00,0,0.00),
(10103,'0',0,0,0,0.00,0,0.00),
(10104,'0',0,0,0,0.00,0,0.00),
(10105,'0',0,0,0,0.00,0,0.00),
(10106,'0',0,0,0,0.00,0,0.00),
(10107,'0',0,0,0,0.00,0,0.00),
(10108,'0',0,0,0,0.00,0,0.00),
(10109,'0',0,0,0,0.00,0,0.00),
(10201,'千军破',10,1,120,0.00,0,0.00),
(10202,'0',0,0,0,0.00,0,0.00),
(10203,'0',0,0,0,0.00,0,0.00),
(10204,'0',0,0,0,0.00,0,0.00),
(10205,'0',0,0,0,0.00,0,0.00),
(10206,'0',0,0,0,0.00,0,0.00),
(10207,'0',0,0,0,0.00,0,0.00),
(10208,'0',0,0,0,0.00,0,0.00),
(10209,'0',0,0,0,0.00,0,0.00),
(10301,'火牛阵',0,0,0,0.00,0,0.00),
(10302,'0',0,0,0,0.00,0,0.00),
(10303,'0',0,0,0,0.00,0,0.00),
(10304,'0',0,0,0,0.00,0,0.00),
(10305,'0',0,0,0,0.00,0,0.00),
(10306,'0',0,0,0,0.00,0,0.00),
(10307,'0',0,0,0,0.00,0,0.00),
(10308,'0',0,0,0,0.00,0,0.00),
(10309,'0',0,0,0,0.00,0,0.00),
(10401,'开山震',0,0,0,0.00,0,0.00),
(10402,'0',0,0,0,0.00,0,0.00),
(10403,'0',0,0,0,0.00,0,0.00),
(10404,'0',0,0,0,0.00,0,0.00),
(10405,'0',0,0,0,0.00,0,0.00),
(10406,'0',0,0,0,0.00,0,0.00),
(10407,'0',0,0,0,0.00,0,0.00),
(10408,'0',0,0,0,0.00,0,0.00),
(10409,'0',0,0,0,0.00,0,0.00),
(10501,'金刚甲',0,0,0,0.00,0,0.00),
(10502,'0',0,0,0,0.00,0,0.00),
(10503,'0',0,0,0,0.00,0,0.00),
(10504,'0',0,0,0,0.00,0,0.00),
(10505,'0',0,0,0,0.00,0,0.00),
(10506,'0',0,0,0,0.00,0,0.00),
(10507,'0',0,0,0,0.00,0,0.00),
(10508,'0',0,0,0,0.00,0,0.00),
(10509,'0',0,0,0,0.00,0,0.00),
(10601,'龙蛇斩',0,0,0,0.00,0,0.00),
(10602,'0',0,0,0,0.00,0,0.00),
(10603,'0',0,0,0,0.00,0,0.00),
(10604,'0',0,0,0,0.00,0,0.00),
(10605,'0',0,0,0,0.00,0,0.00),
(10606,'0',0,0,0,0.00,0,0.00),
(10607,'0',0,0,0,0.00,0,0.00),
(10608,'0',0,0,0,0.00,0,0.00),
(10609,'0',0,0,0,0.00,0,0.00),
(10701,'落日弓',0,0,0,0.00,0,0.00),
(10702,'0',0,0,0,0.00,0,0.00),
(10703,'0',0,0,0,0.00,0,0.00),
(10704,'0',0,0,0,0.00,0,0.00),
(10705,'0',0,0,0,0.00,0,0.00),
(10706,'0',0,0,0,0.00,0,0.00),
(10707,'0',0,0,0,0.00,0,0.00),
(10708,'0',0,0,0,0.00,0,0.00),
(10709,'0',0,0,0,0.00,0,0.00),
(10801,'火箭烈',0,0,0,0.00,0,0.00),
(10802,'0',0,0,0,0.00,0,0.00),
(10803,'0',0,0,0,0.00,0,0.00),
(10804,'0',0,0,0,0.00,0,0.00),
(10805,'0',0,0,0,0.00,0,0.00),
(10806,'0',0,0,0,0.00,0,0.00),
(10807,'0',0,0,0,0.00,0,0.00),
(10808,'0',0,0,0,0.00,0,0.00),
(10809,'0',0,0,0,0.00,0,0.00),
(10901,'连弩击',0,0,0,0.00,0,0.00),
(10902,'0',0,0,0,0.00,0,0.00),
(10903,'0',0,0,0,0.00,0,0.00),
(10904,'0',0,0,0,0.00,0,0.00),
(10905,'0',0,0,0,0.00,0,0.00),
(10906,'0',0,0,0,0.00,0,0.00),
(10907,'0',0,0,0,0.00,0,0.00),
(10908,'0',0,0,0,0.00,0,0.00),
(10909,'0',0,0,0,0.00,0,0.00),
(11001,'穿云箭',0,0,0,0.00,0,0.00),
(11002,'0',0,0,0,0.00,0,0.00),
(11003,'0',0,0,0,0.00,0,0.00),
(11004,'0',0,0,0,0.00,0,0.00),
(11005,'0',0,0,0,0.00,0,0.00),
(11006,'0',0,0,0,0.00,0,0.00),
(11007,'0',0,0,0,0.00,0,0.00),
(11008,'0',0,0,0,0.00,0,0.00),
(11009,'0',0,0,0,0.00,0,0.00),
(11101,'旋龙',0,0,0,0.00,0,0.00),
(11102,'0',0,0,0,0.00,0,0.00),
(11103,'0',0,0,0,0.00,0,0.00),
(11104,'0',0,0,0,0.00,0,0.00),
(11105,'0',0,0,0,0.00,0,0.00),
(11106,'0',0,0,0,0.00,0,0.00),
(11107,'0',0,0,0,0.00,0,0.00),
(11108,'0',0,0,0,0.00,0,0.00),
(11109,'0',0,0,0,0.00,0,0.00),
(11201,'流星坠地',5,0,200,0.00,0,0.00),
(11202,'0',0,0,0,0.00,0,0.00),
(11203,'0',0,0,0,0.00,0,0.00),
(11204,'0',0,0,0,0.00,0,0.00),
(11205,'0',0,0,0,0.00,0,0.00),
(11206,'0',0,0,0,0.00,0,0.00),
(11207,'0',0,0,0,0.00,0,0.00),
(11208,'0',0,0,0,0.00,0,0.00),
(11209,'0',0,0,0,0.00,0,0.00),
(11301,'铜仙技',0,0,0,0.00,0,0.00),
(11302,'0',0,0,0,0.00,0,0.00),
(11303,'0',0,0,0,0.00,0,0.00),
(11304,'0',0,0,0,0.00,0,0.00),
(11305,'0',0,0,0,0.00,0,0.00),
(11306,'0',0,0,0,0.00,0,0.00),
(11307,'0',0,0,0,0.00,0,0.00),
(11308,'0',0,0,0,0.00,0,0.00),
(11309,'0',0,0,0,0.00,0,0.00),
(11401,'伏兵',0,0,0,0.00,0,0.00),
(11402,'0',0,0,0,0.00,0,0.00),
(11403,'0',0,0,0,0.00,0,0.00),
(11404,'0',0,0,0,0.00,0,0.00),
(11405,'0',0,0,0,0.00,0,0.00),
(11406,'0',0,0,0,0.00,0,0.00),
(11407,'0',0,0,0,0.00,0,0.00),
(11408,'0',0,0,0,0.00,0,0.00),
(11409,'0',0,0,0,0.00,0,0.00),
(11501,'恐吓',0,0,0,0.00,0,0.00),
(11502,'0',0,0,0,0.00,0,0.00),
(11503,'0',0,0,0,0.00,0,0.00),
(11504,'0',0,0,0,0.00,0,0.00),
(11505,'0',0,0,0,0.00,0,0.00),
(11506,'0',0,0,0,0.00,0,0.00),
(11507,'0',0,0,0,0.00,0,0.00),
(11508,'0',0,0,0,0.00,0,0.00),
(11509,'0',0,0,0,0.00,0,0.00),
(11601,'奇袭',0,0,0,0.00,0,0.00),
(11602,'0',0,0,0,0.00,0,0.00),
(11603,'0',0,0,0,0.00,0,0.00),
(11604,'0',0,0,0,0.00,0,0.00),
(11605,'0',0,0,0,0.00,0,0.00),
(11606,'0',0,0,0,0.00,0,0.00),
(11607,'0',0,0,0,0.00,0,0.00),
(11608,'0',0,0,0,0.00,0,0.00),
(11609,'0',0,0,0,0.00,0,0.00),
(11701,'昂扬',0,0,0,0.00,0,0.00),
(11702,'0',0,0,0,0.00,0,0.00),
(11703,'0',0,0,0,0.00,0,0.00),
(11704,'0',0,0,0,0.00,0,0.00),
(11705,'0',0,0,0,0.00,0,0.00),
(11706,'0',0,0,0,0.00,0,0.00),
(11707,'0',0,0,0,0.00,0,0.00),
(11708,'0',0,0,0,0.00,0,0.00),
(11709,'0',0,0,0,0.00,0,0.00),
(11801,'奋战',0,0,0,0.00,0,0.00),
(11802,'0',0,0,0,0.00,0,0.00),
(11803,'0',0,0,0,0.00,0,0.00),
(11804,'0',0,0,0,0.00,0,0.00),
(11805,'0',0,0,0,0.00,0,0.00),
(11806,'0',0,0,0,0.00,0,0.00),
(11807,'0',0,0,0,0.00,0,0.00),
(11808,'0',0,0,0,0.00,0,0.00),
(11809,'0',0,0,0,0.00,0,0.00),
(11901,'冰柱刺',2,0,150,0.00,0,0.00),
(11902,'0',0,0,0,0.00,0,0.00),
(11903,'0',0,0,0,0.00,0,0.00),
(11904,'0',0,0,0,0.00,0,0.00),
(11905,'0',0,0,0,0.00,0,0.00),
(11906,'0',0,0,0,0.00,0,0.00),
(11907,'0',0,0,0,0.00,0,0.00),
(11908,'0',0,0,0,0.00,0,0.00),
(11909,'0',0,0,0,0.00,0,0.00),
(12001,'杀破狼',0,0,0,0.00,0,0.00),
(12002,'0',0,0,0,0.00,0,0.00),
(12003,'0',0,0,0,0.00,0,0.00),
(12004,'0',0,0,0,0.00,0,0.00),
(12005,'0',0,0,0,0.00,0,0.00),
(12006,'0',0,0,0,0.00,0,0.00),
(12007,'0',0,0,0,0.00,0,0.00),
(12008,'0',0,0,0,0.00,0,0.00),
(12009,'0',0,0,0,0.00,0,0.00),
(12101,'霸王枪',0,0,0,0.00,0,0.00),
(12102,'0',0,0,0,0.00,0,0.00),
(12103,'0',0,0,0,0.00,0,0.00),
(12104,'0',0,0,0,0.00,0,0.00),
(12105,'0',0,0,0,0.00,0,0.00),
(12106,'0',0,0,0,0.00,0,0.00),
(12107,'0',0,0,0,0.00,0,0.00),
(12108,'0',0,0,0,0.00,0,0.00),
(12109,'0',0,0,0,0.00,0,0.00),
(20101,'天下无双',0,0,0,0.00,0,0.00),
(20102,'0',0,0,0,0.00,0,0.00),
(20103,'0',0,0,0,0.00,0,0.00),
(20104,'0',0,0,0,0.00,0,0.00),
(20105,'0',0,0,0,0.00,0,0.00),
(20106,'0',0,0,0,0.00,0,0.00),
(20107,'0',0,0,0,0.00,0,0.00),
(20108,'0',0,0,0,0.00,0,0.00),
(20109,'0',0,0,0,0.00,0,0.00),
(20201,'鬼哭神嚎',0,0,0,0.00,0,0.00),
(20202,'0',0,0,0,0.00,0,0.00),
(20203,'0',0,0,0,0.00,0,0.00),
(20204,'0',0,0,0,0.00,0,0.00),
(20205,'0',0,0,0,0.00,0,0.00),
(20206,'0',0,0,0,0.00,0,0.00),
(20207,'0',0,0,0,0.00,0,0.00),
(20208,'0',0,0,0,0.00,0,0.00),
(20209,'0',0,0,0,0.00,0,0.00),
(20301,'神鬼乱舞',0,0,0,0.00,0,0.00),
(20302,'0',0,0,0,0.00,0,0.00),
(20303,'0',0,0,0,0.00,0,0.00),
(20304,'0',0,0,0,0.00,0,0.00),
(20305,'0',0,0,0,0.00,0,0.00),
(20306,'0',0,0,0,0.00,0,0.00),
(20307,'0',0,0,0,0.00,0,0.00),
(20308,'0',0,0,0,0.00,0,0.00),
(20309,'0',0,0,0,0.00,0,0.00),
(20401,'倾国倾城',0,0,0,0.00,0,0.00),
(20402,'0',0,0,0,0.00,0,0.00),
(20403,'0',0,0,0,0.00,0,0.00),
(20404,'0',0,0,0,0.00,0,0.00),
(20405,'0',0,0,0,0.00,0,0.00),
(20406,'0',0,0,0,0.00,0,0.00),
(20407,'0',0,0,0,0.00,0,0.00),
(20408,'0',0,0,0,0.00,0,0.00),
(20409,'0',0,0,0,0.00,0,0.00),
(20501,'乱世魔狱',0,0,0,0.00,0,0.00),
(20502,'0',0,0,0,0.00,0,0.00),
(20503,'0',0,0,0,0.00,0,0.00),
(20504,'0',0,0,0,0.00,0,0.00),
(20505,'0',0,0,0,0.00,0,0.00),
(20506,'0',0,0,0,0.00,0,0.00),
(20507,'0',0,0,0,0.00,0,0.00),
(20508,'0',0,0,0,0.00,0,0.00),
(20509,'0',0,0,0,0.00,0,0.00),
(20601,'钢爪银龙',0,0,0,0.00,0,0.00),
(20602,'0',0,0,0,0.00,0,0.00),
(20603,'0',0,0,0,0.00,0,0.00),
(20604,'0',0,0,0,0.00,0,0.00),
(20605,'0',0,0,0,0.00,0,0.00),
(20606,'0',0,0,0,0.00,0,0.00),
(20607,'0',0,0,0,0.00,0,0.00),
(20608,'0',0,0,0,0.00,0,0.00),
(20609,'0',0,0,0,0.00,0,0.00),
(20701,'饮血狂刀',0,0,0,0.00,0,0.00),
(20702,'0',0,0,0,0.00,0,0.00),
(20703,'0',0,0,0,0.00,0,0.00),
(20704,'0',0,0,0,0.00,0,0.00),
(20705,'0',0,0,0,0.00,0,0.00),
(20706,'0',0,0,0,0.00,0,0.00),
(20707,'0',0,0,0,0.00,0,0.00),
(20708,'0',0,0,0,0.00,0,0.00);
