INSERT INTO `skillstrengthen` VALUES
(5,2000,5000,9000,14000,20000,27000,35000,44000,54000),
(6,2000,5000,9000,14000,20000,27000,35000,44000,54000),
(7,2000,5000,9000,14000,20000,27000,35000,44000,54000),
(8,2000,5000,9000,14000,20000,27000,35000,44000,54000),
(9,2000,5000,9000,14000,20000,27000,35000,44000,54000),
(12,2000,5000,9000,14000,20000,27000,35000,44000,54000),
(13,2000,5000,9000,14000,20000,27000,35000,44000,54000),
(14,2000,5000,9000,14000,20000,27000,35000,44000,54000),
(15,2000,5000,9000,14000,20000,27000,35000,44000,54000),
(16,2000,5000,9000,14000,20000,27000,35000,44000,54000),
(18,2000,5000,9000,14000,20000,27000,35000,44000,54000),
(22,2000,5000,9000,14000,20000,27000,35000,44000,54000),
(23,2000,5000,9000,14000,20000,27000,35000,44000,54000),
(24,2000,5000,9000,14000,20000,27000,35000,44000,54000),
(25,2000,5000,9000,14000,20000,27000,35000,44000,54000),
(26,2000,5000,9000,14000,20000,27000,35000,44000,54000),
(27,2000,5000,9000,14000,20000,27000,35000,44000,54000),
(28,2000,5000,9000,14000,20000,27000,35000,44000,54000),
(57,2000,5000,9000,14000,20000,27000,35000,44000,54000),
(58,2000,5000,9000,14000,20000,27000,35000,44000,54000),
(118,3000,7500,13500,21000,30000,40500,52500,66000,81000),
(107,3000,7500,13500,21000,30000,40500,52500,66000,81000),
(129,3000,7500,13500,21000,30000,40500,52500,66000,81000),
(108,3000,7500,13500,21000,30000,40500,52500,66000,81000),
(132,3000,7500,13500,21000,30000,40500,52500,66000,81000),
(110,3000,7500,13500,21000,30000,40500,52500,66000,81000),
(120,3000,7500,13500,21000,30000,40500,52500,66000,81000),
(133,3000,7500,13500,21000,30000,40500,52500,66000,81000),
(111,3000,7500,13500,21000,30000,40500,52500,66000,81000),
(121,3000,7500,13500,21000,30000,40500,52500,66000,81000),
(112,3000,7500,13500,21000,30000,40500,52500,66000,81000),
(122,3000,7500,13500,21000,30000,40500,52500,66000,81000),
(135,3000,7500,13500,21000,30000,40500,52500,66000,81000),
(136,3000,7500,13500,21000,30000,40500,52500,66000,81000),
(140,3000,7500,13500,21000,30000,40500,52500,66000,81000),
(141,3000,7500,13500,21000,30000,40500,52500,66000,81000),
(142,3000,7500,13500,21000,30000,40500,52500,66000,81000),
(143,3000,7500,13500,21000,30000,40500,52500,66000,81000),
(144,3000,7500,13500,21000,30000,40500,52500,66000,81000),
(145,3000,7500,13500,21000,30000,40500,52500,66000,81000),
(138,3000,7500,13500,21000,30000,40500,52500,66000,81000),
(139,3000,7500,13500,21000,30000,40500,52500,66000,81000),
(146,3000,7500,13500,21000,30000,40500,52500,66000,81000),
(29,2000,5000,9000,14000,20000,27000,35000,44000,54000),
(30,2000,5000,9000,14000,20000,27000,35000,44000,54000),
(31,2000,5000,9000,14000,20000,27000,35000,44000,54000),
(32,2000,5000,9000,14000,20000,27000,35000,44000,54000),
(33,2000,5000,9000,14000,20000,27000,35000,44000,54000),
(34,2000,5000,9000,14000,20000,27000,35000,44000,54000),
(35,2000,5000,9000,14000,20000,27000,35000,44000,54000),
(156,3000,7500,13500,21000,30000,40500,52500,66000,81000),
(157,3000,7500,13500,21000,30000,40500,52500,66000,81000),
(158,3000,7500,13500,21000,30000,40500,52500,66000,81000),
(159,3000,7500,13500,21000,30000,40500,52500,66000,81000),
(147,3000,7500,13500,21000,30000,40500,52500,66000,81000),
(148,3000,7500,13500,21000,30000,40500,52500,66000,81000),
(149,3000,7500,13500,21000,30000,40500,52500,66000,81000),
(150,3000,7500,13500,21000,30000,40500,52500,66000,81000),
(151,3000,7500,13500,21000,30000,40500,52500,66000,81000),
(152,3000,7500,13500,21000,30000,40500,52500,66000,81000),
(153,3000,7500,13500,21000,30000,40500,52500,66000,81000),
(154,3000,7500,13500,21000,30000,40500,52500,66000,81000),
(155,3000,7500,13500,21000,30000,40500,52500,66000,81000),
(160,3000,7500,13500,21000,30000,40500,52500,66000,81000),
(161,3000,7500,13500,21000,30000,40500,52500,66000,81000),
(59,2000,5000,9000,14000,20000,27000,35000,44000,54000),
(73,2000,5000,9000,14000,20000,27000,35000,44000,54000),
(162,3000,7500,13500,21000,30000,40500,52500,66000,81000),
(75,2000,5000,9000,14000,20000,27000,35000,44000,54000),
(52,2000,5000,9000,14000,20000,27000,35000,44000,54000),
(53,2000,5000,9000,14000,20000,27000,35000,44000,54000),
(54,2000,5000,9000,14000,20000,27000,35000,44000,54000),
(55,2000,5000,9000,14000,20000,27000,35000,44000,54000),
(56,2000,5000,9000,14000,20000,27000,35000,44000,54000),
(37,2000,5000,9000,14000,20000,27000,35000,44000,54000),
(38,2000,5000,9000,14000,20000,27000,35000,44000,54000),
(39,2000,5000,9000,14000,20000,27000,35000,44000,54000),
(40,2000,5000,9000,14000,20000,27000,35000,44000,54000),
(41,2000,5000,9000,14000,20000,27000,35000,44000,54000),
(42,2000,5000,9000,14000,20000,27000,35000,44000,54000),
(43,2000,5000,9000,14000,20000,27000,35000,44000,54000),
(44,2000,5000,9000,14000,20000,27000,35000,44000,54000),
(45,2000,5000,9000,14000,20000,27000,35000,44000,54000),
(46,2000,5000,9000,14000,20000,27000,35000,44000,54000),
(47,2000,5000,9000,14000,20000,27000,35000,44000,54000),
(48,2000,5000,9000,14000,20000,27000,35000,44000,54000),
(49,2000,5000,9000,14000,20000,27000,35000,44000,54000),
(50,2000,5000,9000,14000,20000,27000,35000,44000,54000),
(51,2000,5000,9000,14000,20000,27000,35000,44000,54000),
(76,2000,5000,9000,14000,20000,27000,35000,44000,54000),
(77,2000,5000,9000,14000,20000,27000,35000,44000,54000),
(78,2000,5000,9000,14000,20000,27000,35000,44000,54000),
(79,2000,5000,9000,14000,20000,27000,35000,44000,54000),
(80,2000,5000,9000,14000,20000,27000,35000,44000,54000),
(81,2000,5000,9000,14000,20000,27000,35000,44000,54000),
(82,2000,5000,9000,14000,20000,27000,35000,44000,54000),
(83,2000,5000,9000,14000,20000,27000,35000,44000,54000),
(84,2000,5000,9000,14000,20000,27000,35000,44000,54000),
(85,2000,5000,9000,14000,20000,27000,35000,44000,54000),
(86,2000,5000,9000,14000,20000,27000,35000,44000,54000),
(87,2000,5000,9000,14000,20000,27000,35000,44000,54000),
(88,2000,5000,9000,14000,20000,27000,35000,44000,54000),
(89,2000,5000,9000,14000,20000,27000,35000,44000,54000),
(90,2000,5000,9000,14000,20000,27000,35000,44000,54000),
(91,2000,5000,9000,14000,20000,27000,35000,44000,54000),
(92,2000,5000,9000,14000,20000,27000,35000,44000,54000),
(93,2000,5000,9000,14000,20000,27000,35000,44000,54000),
(94,2000,5000,9000,14000,20000,27000,35000,44000,54000),
(95,2000,5000,9000,14000,20000,27000,35000,44000,54000),
(69,2000,5000,9000,14000,20000,27000,35000,44000,54000),
(70,2000,5000,9000,14000,20000,27000,35000,44000,54000),
(71,2000,5000,9000,14000,20000,27000,35000,44000,54000),
(60,2000,5000,9000,14000,20000,27000,35000,44000,54000),
(61,2000,5000,9000,14000,20000,27000,35000,44000,54000),
(62,2000,5000,9000,14000,20000,27000,35000,44000,54000),
(63,2000,5000,9000,14000,20000,27000,35000,44000,54000),
(64,2000,5000,9000,14000,20000,27000,35000,44000,54000),
(65,2000,5000,9000,14000,20000,27000,35000,44000,54000),
(66,2000,5000,9000,14000,20000,27000,35000,44000,54000),
(67,2000,5000,9000,14000,20000,27000,35000,44000,54000),
(68,2000,5000,9000,14000,20000,27000,35000,44000,54000),
(630,2000,5000,9000,14000,20000,27000,35000,44000,54000),
(631,2000,5000,9000,14000,20000,27000,35000,44000,54000),
(632,2000,5000,9000,14000,20000,27000,35000,44000,54000),
(633,2000,5000,9000,14000,20000,27000,35000,44000,54000),
(634,2000,5000,9000,14000,20000,27000,35000,44000,54000),
(635,2000,5000,9000,14000,20000,27000,35000,44000,54000),
(636,2000,5000,9000,14000,20000,27000,35000,44000,54000),
(637,2000,5000,9000,14000,20000,27000,35000,44000,54000),
(638,2000,5000,9000,14000,20000,27000,35000,44000,54000),
(639,2000,5000,9000,14000,20000,27000,35000,44000,54000),
(640,2000,5000,9000,14000,20000,27000,35000,44000,54000),
(641,2000,5000,9000,14000,20000,27000,35000,44000,54000),
(616,2000,5000,9000,14000,20000,27000,35000,44000,54000),
(617,2000,5000,9000,14000,20000,27000,35000,44000,54000),
(618,2000,5000,9000,14000,20000,27000,35000,44000,54000),
(619,2000,5000,9000,14000,20000,27000,35000,44000,54000),
(620,2000,5000,9000,14000,20000,27000,35000,44000,54000),
(621,2000,5000,9000,14000,20000,27000,35000,44000,54000),
(163,3000,7500,13500,21000,30000,40500,52500,66000,81000),
(164,3000,7500,13500,21000,30000,40500,52500,66000,81000),
(165,3000,7500,13500,21000,30000,40500,52500,66000,81000),
(166,3000,7500,13500,21000,30000,40500,52500,66000,81000),
(96,2000,5000,9000,14000,20000,27000,35000,44000,54000),
(167,3000,7500,13500,21000,30000,40500,52500,66000,81000),
(168,3000,7500,13500,21000,30000,40500,52500,66000,81000),
(17,2000,5000,9000,14000,20000,27000,35000,44000,54000),
(200,2000,5000,9000,14000,20000,27000,35000,44000,54000),
(98,2000,5000,9000,14000,20000,27000,35000,44000,54000),
(556,2000,5000,9000,14000,20000,27000,35000,44000,54000),
(557,2000,5000,9000,14000,20000,27000,35000,44000,54000);
