INSERT INTO `skill` VALUES
(0,'0',0,0,0,0.00,0.00,0.00,0.00,0,0,0),
(1,'箭雨',1,1,1,0.00,0.00,0.00,0.00,0,0,0),
(2,'冰箭',2,2,2,0.00,0.00,0.00,0.00,0,0,0),
(3,'孙武后人',3,3,3,0.00,0.00,0.00,0.00,0,0,0),
(4,'步兵普攻',4,4,4,2.00,0.10,0.10,0.20,0,0,0),
(5,'骑兵普攻',5,5,5,3.00,0.10,0.10,0.20,0,0,0),
(6,'弓兵普攻',6,6,6,5.00,0.00,0.00,0.00,0,0,0),
(7,'谋士普攻',7,7,7,5.00,0.00,0.00,0.00,0,0,0),
(8,'枪兵普攻',8,8,8,3.00,0.00,0.00,0.00,0,0,0),
(10101,'飞翔剑',10101,10101,10101,0.00,0.00,0.00,0.00,0,0,0),
(10102,'0',10102,10102,10102,0.00,0.00,0.00,0.00,0,0,0),
(10103,'0',10103,10103,10103,0.00,0.00,0.00,0.00,0,0,0),
(10104,'0',10104,10104,10104,0.00,0.00,0.00,0.00,0,0,0),
(10105,'0',10105,10105,10105,0.00,0.00,0.00,0.00,0,0,0),
(10106,'0',10106,10106,10106,0.00,0.00,0.00,0.00,0,0,0),
(10107,'0',10107,10107,10107,0.00,0.00,0.00,0.00,0,0,0),
(10108,'0',10108,10108,10108,0.00,0.00,0.00,0.00,0,0,0),
(10109,'0',10109,10109,10109,0.00,0.00,0.00,0.00,0,0,0),
(10201,'千军破',10201,10201,10201,2.00,2.00,2.00,2.00,100,0,0),
(10202,'0',10202,10202,10202,0.00,0.00,0.00,0.00,0,0,0),
(10203,'0',10203,10203,10203,0.00,0.00,0.00,0.00,0,0,0),
(10204,'0',10204,10204,10204,0.00,0.00,0.00,0.00,0,0,0),
(10205,'0',10205,10205,10205,0.00,0.00,0.00,0.00,0,0,0),
(10206,'0',10206,10206,10206,0.00,0.00,0.00,0.00,0,0,0),
(10207,'0',10207,10207,10207,0.00,0.00,0.00,0.00,0,0,0),
(10208,'0',10208,10208,10208,0.00,0.00,0.00,0.00,0,0,0),
(10209,'0',10209,10209,10209,0.00,0.00,0.00,0.00,0,0,0),
(10301,'火牛阵',10301,10301,10301,0.00,0.00,0.00,0.00,0,0,0),
(10302,'0',10302,10302,10302,0.00,0.00,0.00,0.00,0,0,0),
(10303,'0',10303,10303,10303,0.00,0.00,0.00,0.00,0,0,0),
(10304,'0',10304,10304,10304,0.00,0.00,0.00,0.00,0,0,0),
(10305,'0',10305,10305,10305,0.00,0.00,0.00,0.00,0,0,0),
(10306,'0',10306,10306,10306,0.00,0.00,0.00,0.00,0,0,0),
(10307,'0',10307,10307,10307,0.00,0.00,0.00,0.00,0,0,0),
(10308,'0',10308,10308,10308,0.00,0.00,0.00,0.00,0,0,0),
(10309,'0',10309,10309,10309,0.00,0.00,0.00,0.00,0,0,0),
(10401,'开山震',10401,10401,10401,0.00,0.00,0.00,0.00,0,0,0),
(10402,'0',10402,10402,10402,0.00,0.00,0.00,0.00,0,0,0),
(10403,'0',10403,10403,10403,0.00,0.00,0.00,0.00,0,0,0),
(10404,'0',10404,10404,10404,0.00,0.00,0.00,0.00,0,0,0),
(10405,'0',10405,10405,10405,0.00,0.00,0.00,0.00,0,0,0),
(10406,'0',10406,10406,10406,0.00,0.00,0.00,0.00,0,0,0),
(10407,'0',10407,10407,10407,0.00,0.00,0.00,0.00,0,0,0),
(10408,'0',10408,10408,10408,0.00,0.00,0.00,0.00,0,0,0),
(10409,'0',10409,10409,10409,0.00,0.00,0.00,0.00,0,0,0),
(10501,'金刚甲',10501,10501,10501,0.00,0.00,0.00,0.00,0,0,0),
(10502,'0',10502,10502,10502,0.00,0.00,0.00,0.00,0,0,0),
(10503,'0',10503,10503,10503,0.00,0.00,0.00,0.00,0,0,0),
(10504,'0',10504,10504,10504,0.00,0.00,0.00,0.00,0,0,0),
(10505,'0',10505,10505,10505,0.00,0.00,0.00,0.00,0,0,0),
(10506,'0',10506,10506,10506,0.00,0.00,0.00,0.00,0,0,0),
(10507,'0',10507,10507,10507,0.00,0.00,0.00,0.00,0,0,0),
(10508,'0',10508,10508,10508,0.00,0.00,0.00,0.00,0,0,0),
(10509,'0',10509,10509,10509,0.00,0.00,0.00,0.00,0,0,0),
(10601,'龙蛇斩',10601,10601,10601,0.00,0.00,0.00,0.00,0,0,0),
(10602,'0',10602,10602,10602,0.00,0.00,0.00,0.00,0,0,0),
(10603,'0',10603,10603,10603,0.00,0.00,0.00,0.00,0,0,0),
(10604,'0',10604,10604,10604,0.00,0.00,0.00,0.00,0,0,0),
(10605,'0',10605,10605,10605,0.00,0.00,0.00,0.00,0,0,0),
(10606,'0',10606,10606,10606,0.00,0.00,0.00,0.00,0,0,0),
(10607,'0',10607,10607,10607,0.00,0.00,0.00,0.00,0,0,0),
(10608,'0',10608,10608,10608,0.00,0.00,0.00,0.00,0,0,0),
(10609,'0',10609,10609,10609,0.00,0.00,0.00,0.00,0,0,0),
(10701,'落日弓',10701,10701,10701,2.00,2.00,2.00,2.00,100,0,0),
(10702,'0',10702,10702,10702,0.00,0.00,0.00,0.00,0,0,0),
(10703,'0',10703,10703,10703,0.00,0.00,0.00,0.00,0,0,0),
(10704,'0',10704,10704,10704,0.00,0.00,0.00,0.00,0,0,0),
(10705,'0',10705,10705,10705,0.00,0.00,0.00,0.00,0,0,0),
(10706,'0',10706,10706,10706,0.00,0.00,0.00,0.00,0,0,0),
(10707,'0',10707,10707,10707,0.00,0.00,0.00,0.00,0,0,0),
(10708,'0',10708,10708,10708,0.00,0.00,0.00,0.00,0,0,0),
(10709,'0',10709,10709,10709,0.00,0.00,0.00,0.00,0,0,0),
(10801,'火箭烈',10801,10801,10801,0.00,0.00,0.00,0.00,0,0,0),
(10802,'0',10802,10802,10802,0.00,0.00,0.00,0.00,0,0,0),
(10803,'0',10803,10803,10803,0.00,0.00,0.00,0.00,0,0,0),
(10804,'0',10804,10804,10804,0.00,0.00,0.00,0.00,0,0,0),
(10805,'0',10805,10805,10805,0.00,0.00,0.00,0.00,0,0,0),
(10806,'0',10806,10806,10806,0.00,0.00,0.00,0.00,0,0,0),
(10807,'0',10807,10807,10807,0.00,0.00,0.00,0.00,0,0,0),
(10808,'0',10808,10808,10808,0.00,0.00,0.00,0.00,0,0,0),
(10809,'0',10809,10809,10809,0.00,0.00,0.00,0.00,0,0,0),
(10901,'连弩击',10901,10901,10901,0.00,0.00,0.00,0.00,0,0,0),
(10902,'0',10902,10902,10902,0.00,0.00,0.00,0.00,0,0,0),
(10903,'0',10903,10903,10903,0.00,0.00,0.00,0.00,0,0,0),
(10904,'0',10904,10904,10904,0.00,0.00,0.00,0.00,0,0,0),
(10905,'0',10905,10905,10905,0.00,0.00,0.00,0.00,0,0,0),
(10906,'0',10906,10906,10906,0.00,0.00,0.00,0.00,0,0,0),
(10907,'0',10907,10907,10907,0.00,0.00,0.00,0.00,0,0,0),
(10908,'0',10908,10908,10908,0.00,0.00,0.00,0.00,0,0,0),
(10909,'0',10909,10909,10909,0.00,0.00,0.00,0.00,0,0,0),
(11001,'穿云箭',11001,11001,11001,0.00,0.00,0.00,0.00,0,0,0),
(11002,'0',11002,11002,11002,0.00,0.00,0.00,0.00,0,0,0),
(11003,'0',11003,11003,11003,0.00,0.00,0.00,0.00,0,0,0),
(11004,'0',11004,11004,11004,0.00,0.00,0.00,0.00,0,0,0),
(11005,'0',11005,11005,11005,0.00,0.00,0.00,0.00,0,0,0),
(11006,'0',11006,11006,11006,0.00,0.00,0.00,0.00,0,0,0),
(11007,'0',11007,11007,11007,0.00,0.00,0.00,0.00,0,0,0),
(11008,'0',11008,11008,11008,0.00,0.00,0.00,0.00,0,0,0),
(11009,'0',11009,11009,11009,0.00,0.00,0.00,0.00,0,0,0),
(11101,'旋龙',11101,11101,11101,0.00,0.00,0.00,0.00,0,0,0),
(11102,'0',11102,11102,11102,0.00,0.00,0.00,0.00,0,0,0),
(11103,'0',11103,11103,11103,0.00,0.00,0.00,0.00,0,0,0),
(11104,'0',11104,11104,11104,0.00,0.00,0.00,0.00,0,0,0),
(11105,'0',11105,11105,11105,0.00,0.00,0.00,0.00,0,0,0),
(11106,'0',11106,11106,11106,0.00,0.00,0.00,0.00,0,0,0),
(11107,'0',11107,11107,11107,0.00,0.00,0.00,0.00,0,0,0),
(11108,'0',11108,11108,11108,0.00,0.00,0.00,0.00,0,0,0),
(11109,'0',11109,11109,11109,0.00,0.00,0.00,0.00,0,0,0),
(11201,'流星坠地',11201,11201,11201,0.00,0.00,0.00,0.00,100,0,0),
(11202,'0',11202,11202,11202,0.00,0.00,0.00,0.00,0,0,0),
(11203,'0',11203,11203,11203,0.00,0.00,0.00,0.00,0,0,0),
(11204,'0',11204,11204,11204,0.00,0.00,0.00,0.00,0,0,0),
(11205,'0',11205,11205,11205,0.00,0.00,0.00,0.00,0,0,0),
(11206,'0',11206,11206,11206,0.00,0.00,0.00,0.00,0,0,0),
(11207,'0',11207,11207,11207,0.00,0.00,0.00,0.00,0,0,0),
(11208,'0',11208,11208,11208,0.00,0.00,0.00,0.00,0,0,0),
(11209,'0',11209,11209,11209,0.00,0.00,0.00,0.00,0,0,0),
(11301,'铜仙技',11301,11301,11301,0.00,0.00,0.00,0.00,0,0,0),
(11302,'0',11302,11302,11302,0.00,0.00,0.00,0.00,0,0,0),
(11303,'0',11303,11303,11303,0.00,0.00,0.00,0.00,0,0,0),
(11304,'0',11304,11304,11304,0.00,0.00,0.00,0.00,0,0,0),
(11305,'0',11305,11305,11305,0.00,0.00,0.00,0.00,0,0,0),
(11306,'0',11306,11306,11306,0.00,0.00,0.00,0.00,0,0,0),
(11307,'0',11307,11307,11307,0.00,0.00,0.00,0.00,0,0,0),
(11308,'0',11308,11308,11308,0.00,0.00,0.00,0.00,0,0,0),
(11309,'0',11309,11309,11309,0.00,0.00,0.00,0.00,0,0,0),
(11401,'伏兵',11401,11401,11401,0.00,0.00,0.00,0.00,0,0,0),
(11402,'0',11402,11402,11402,0.00,0.00,0.00,0.00,0,0,0),
(11403,'0',11403,11403,11403,0.00,0.00,0.00,0.00,0,0,0),
(11404,'0',11404,11404,11404,0.00,0.00,0.00,0.00,0,0,0),
(11405,'0',11405,11405,11405,0.00,0.00,0.00,0.00,0,0,0),
(11406,'0',11406,11406,11406,0.00,0.00,0.00,0.00,0,0,0),
(11407,'0',11407,11407,11407,0.00,0.00,0.00,0.00,0,0,0),
(11408,'0',11408,11408,11408,0.00,0.00,0.00,0.00,0,0,0),
(11409,'0',11409,11409,11409,0.00,0.00,0.00,0.00,0,0,0),
(11501,'恐吓',11501,11501,11501,0.00,0.00,0.00,0.00,0,0,0),
(11502,'0',11502,11502,11502,0.00,0.00,0.00,0.00,0,0,0),
(11503,'0',11503,11503,11503,0.00,0.00,0.00,0.00,0,0,0),
(11504,'0',11504,11504,11504,0.00,0.00,0.00,0.00,0,0,0),
(11505,'0',11505,11505,11505,0.00,0.00,0.00,0.00,0,0,0),
(11506,'0',11506,11506,11506,0.00,0.00,0.00,0.00,0,0,0),
(11507,'0',11507,11507,11507,0.00,0.00,0.00,0.00,0,0,0),
(11508,'0',11508,11508,11508,0.00,0.00,0.00,0.00,0,0,0),
(11509,'0',11509,11509,11509,0.00,0.00,0.00,0.00,0,0,0),
(11601,'奇袭',11601,11601,11601,0.00,0.00,0.00,0.00,0,0,0),
(11602,'0',11602,11602,11602,0.00,0.00,0.00,0.00,0,0,0),
(11603,'0',11603,11603,11603,0.00,0.00,0.00,0.00,0,0,0),
(11604,'0',11604,11604,11604,0.00,0.00,0.00,0.00,0,0,0),
(11605,'0',11605,11605,11605,0.00,0.00,0.00,0.00,0,0,0),
(11606,'0',11606,11606,11606,0.00,0.00,0.00,0.00,0,0,0),
(11607,'0',11607,11607,11607,0.00,0.00,0.00,0.00,0,0,0),
(11608,'0',11608,11608,11608,0.00,0.00,0.00,0.00,0,0,0),
(11609,'0',11609,11609,11609,0.00,0.00,0.00,0.00,0,0,0),
(11701,'昂扬',11701,11701,11701,0.00,0.00,0.00,0.00,0,0,0),
(11702,'0',11702,11702,11702,0.00,0.00,0.00,0.00,0,0,0),
(11703,'0',11703,11703,11703,0.00,0.00,0.00,0.00,0,0,0),
(11704,'0',11704,11704,11704,0.00,0.00,0.00,0.00,0,0,0),
(11705,'0',11705,11705,11705,0.00,0.00,0.00,0.00,0,0,0),
(11706,'0',11706,11706,11706,0.00,0.00,0.00,0.00,0,0,0),
(11707,'0',11707,11707,11707,0.00,0.00,0.00,0.00,0,0,0),
(11708,'0',11708,11708,11708,0.00,0.00,0.00,0.00,0,0,0),
(11709,'0',11709,11709,11709,0.00,0.00,0.00,0.00,0,0,0),
(11801,'奋战',11801,11801,11801,0.00,0.00,0.00,0.00,0,0,0),
(11802,'0',11802,11802,11802,0.00,0.00,0.00,0.00,0,0,0),
(11803,'0',11803,11803,11803,0.00,0.00,0.00,0.00,0,0,0),
(11804,'0',11804,11804,11804,0.00,0.00,0.00,0.00,0,0,0),
(11805,'0',11805,11805,11805,0.00,0.00,0.00,0.00,0,0,0),
(11806,'0',11806,11806,11806,0.00,0.00,0.00,0.00,0,0,0),
(11807,'0',11807,11807,11807,0.00,0.00,0.00,0.00,0,0,0),
(11808,'0',11808,11808,11808,0.00,0.00,0.00,0.00,0,0,0),
(11809,'0',11809,11809,11809,0.00,0.00,0.00,0.00,0,0,0),
(11901,'冰柱刺',11901,11901,11901,2.00,2.00,2.00,2.00,100,0,0),
(11902,'0',11902,11902,11902,0.00,0.00,0.00,0.00,0,0,0),
(11903,'0',11903,11903,11903,0.00,0.00,0.00,0.00,0,0,0),
(11904,'0',11904,11904,11904,0.00,0.00,0.00,0.00,0,0,0),
(11905,'0',11905,11905,11905,0.00,0.00,0.00,0.00,0,0,0),
(11906,'0',11906,11906,11906,0.00,0.00,0.00,0.00,0,0,0),
(11907,'0',11907,11907,11907,0.00,0.00,0.00,0.00,0,0,0),
(11908,'0',11908,11908,11908,0.00,0.00,0.00,0.00,0,0,0),
(11909,'0',11909,11909,11909,0.00,0.00,0.00,0.00,0,0,0),
(12001,'杀破狼',12001,12001,12001,2.00,2.00,2.00,2.00,100,0,0),
(12002,'0',12002,12002,12002,0.00,0.00,0.00,0.00,0,0,0),
(12003,'0',12003,12003,12003,0.00,0.00,0.00,0.00,0,0,0),
(12004,'0',12004,12004,12004,0.00,0.00,0.00,0.00,0,0,0),
(12005,'0',12005,12005,12005,0.00,0.00,0.00,0.00,0,0,0),
(12006,'0',12006,12006,12006,0.00,0.00,0.00,0.00,0,0,0),
(12007,'0',12007,12007,12007,0.00,0.00,0.00,0.00,0,0,0),
(12008,'0',12008,12008,12008,0.00,0.00,0.00,0.00,0,0,0),
(12009,'0',12009,12009,12009,0.00,0.00,0.00,0.00,0,0,0),
(12101,'霸王枪',12101,12101,12101,0.00,0.00,0.00,0.00,0,0,0),
(12102,'0',12102,12102,12102,0.00,0.00,0.00,0.00,0,0,0),
(12103,'0',12103,12103,12103,0.00,0.00,0.00,0.00,0,0,0),
(12104,'0',12104,12104,12104,0.00,0.00,0.00,0.00,0,0,0),
(12105,'0',12105,12105,12105,0.00,0.00,0.00,0.00,0,0,0),
(12106,'0',12106,12106,12106,0.00,0.00,0.00,0.00,0,0,0),
(12107,'0',12107,12107,12107,0.00,0.00,0.00,0.00,0,0,0),
(12108,'0',12108,12108,12108,0.00,0.00,0.00,0.00,0,0,0),
(12109,'0',12109,12109,12109,0.00,0.00,0.00,0.00,0,0,0),
(20101,'天下无双',20101,20101,20101,0.00,0.00,0.00,0.00,0,0,0),
(20102,'0',20102,20102,20102,0.00,0.00,0.00,0.00,0,0,0),
(20103,'0',20103,20103,20103,0.00,0.00,0.00,0.00,0,0,0),
(20104,'0',20104,20104,20104,0.00,0.00,0.00,0.00,0,0,0),
(20105,'0',20105,20105,20105,0.00,0.00,0.00,0.00,0,0,0),
(20106,'0',20106,20106,20106,0.00,0.00,0.00,0.00,0,0,0),
(20107,'0',20107,20107,20107,0.00,0.00,0.00,0.00,0,0,0),
(20108,'0',20108,20108,20108,0.00,0.00,0.00,0.00,0,0,0),
(20109,'0',20109,20109,20109,0.00,0.00,0.00,0.00,0,0,0),
(20201,'鬼哭神嚎',20201,20201,20201,0.00,0.00,0.00,0.00,0,0,0),
(20202,'0',20202,20202,20202,0.00,0.00,0.00,0.00,0,0,0),
(20203,'0',20203,20203,20203,0.00,0.00,0.00,0.00,0,0,0),
(20204,'0',20204,20204,20204,0.00,0.00,0.00,0.00,0,0,0),
(20205,'0',20205,20205,20205,0.00,0.00,0.00,0.00,0,0,0),
(20206,'0',20206,20206,20206,0.00,0.00,0.00,0.00,0,0,0),
(20207,'0',20207,20207,20207,0.00,0.00,0.00,0.00,0,0,0),
(20208,'0',20208,20208,20208,0.00,0.00,0.00,0.00,0,0,0),
(20209,'0',20209,20209,20209,0.00,0.00,0.00,0.00,0,0,0),
(20301,'神鬼乱舞',20301,20301,20301,0.00,0.00,0.00,0.00,0,0,0),
(20302,'0',20302,20302,20302,0.00,0.00,0.00,0.00,0,0,0),
(20303,'0',20303,20303,20303,0.00,0.00,0.00,0.00,0,0,0),
(20304,'0',20304,20304,20304,0.00,0.00,0.00,0.00,0,0,0),
(20305,'0',20305,20305,20305,0.00,0.00,0.00,0.00,0,0,0),
(20306,'0',20306,20306,20306,0.00,0.00,0.00,0.00,0,0,0),
(20307,'0',20307,20307,20307,0.00,0.00,0.00,0.00,0,0,0),
(20308,'0',20308,20308,20308,0.00,0.00,0.00,0.00,0,0,0),
(20309,'0',20309,20309,20309,0.00,0.00,0.00,0.00,0,0,0),
(20401,'倾国倾城',20401,20401,20401,0.00,0.00,0.00,0.00,0,0,0),
(20402,'0',20402,20402,20402,0.00,0.00,0.00,0.00,0,0,0),
(20403,'0',20403,20403,20403,0.00,0.00,0.00,0.00,0,0,0),
(20404,'0',20404,20404,20404,0.00,0.00,0.00,0.00,0,0,0),
(20405,'0',20405,20405,20405,0.00,0.00,0.00,0.00,0,0,0),
(20406,'0',20406,20406,20406,0.00,0.00,0.00,0.00,0,0,0),
(20407,'0',20407,20407,20407,0.00,0.00,0.00,0.00,0,0,0),
(20408,'0',20408,20408,20408,0.00,0.00,0.00,0.00,0,0,0),
(20409,'0',20409,20409,20409,0.00,0.00,0.00,0.00,0,0,0),
(20501,'乱世魔狱',20501,20501,20501,0.00,0.00,0.00,0.00,0,0,0),
(20502,'0',20502,20502,20502,0.00,0.00,0.00,0.00,0,0,0),
(20503,'0',20503,20503,20503,0.00,0.00,0.00,0.00,0,0,0),
(20504,'0',20504,20504,20504,0.00,0.00,0.00,0.00,0,0,0),
(20505,'0',20505,20505,20505,0.00,0.00,0.00,0.00,0,0,0),
(20506,'0',20506,20506,20506,0.00,0.00,0.00,0.00,0,0,0),
(20507,'0',20507,20507,20507,0.00,0.00,0.00,0.00,0,0,0),
(20508,'0',20508,20508,20508,0.00,0.00,0.00,0.00,0,0,0),
(20509,'0',20509,20509,20509,0.00,0.00,0.00,0.00,0,0,0),
(20601,'钢爪银龙',20601,20601,20601,0.00,0.00,0.00,0.00,0,0,0),
(20602,'0',20602,20602,20602,0.00,0.00,0.00,0.00,0,0,0),
(20603,'0',20603,20603,20603,0.00,0.00,0.00,0.00,0,0,0),
(20604,'0',20604,20604,20604,0.00,0.00,0.00,0.00,0,0,0),
(20605,'0',20605,20605,20605,0.00,0.00,0.00,0.00,0,0,0),
(20606,'0',20606,20606,20606,0.00,0.00,0.00,0.00,0,0,0),
(20607,'0',20607,20607,20607,0.00,0.00,0.00,0.00,0,0,0),
(20608,'0',20608,20608,20608,0.00,0.00,0.00,0.00,0,0,0),
(20609,'0',20609,20609,20609,0.00,0.00,0.00,0.00,0,0,0),
(20701,'饮血狂刀',20701,20701,20701,0.00,0.00,0.00,0.00,0,0,0),
(20702,'0',20702,20702,20702,0.00,0.00,0.00,0.00,0,0,0),
(20703,'0',20703,20703,20703,0.00,0.00,0.00,0.00,0,0,0),
(20704,'0',20704,20704,20704,0.00,0.00,0.00,0.00,0,0,0),
(20705,'0',20705,20705,20705,0.00,0.00,0.00,0.00,0,0,0),
(20706,'0',20706,20706,20706,0.00,0.00,0.00,0.00,0,0,0),
(20707,'0',20707,20707,20707,0.00,0.00,0.00,0.00,0,0,0),
(20708,'0',20708,20708,20708,0.00,0.00,0.00,0.00,0,0,0),
(20709,'0',20709,20709,20709,0.00,0.00,0.00,0.00,0,0,0);
