INSERT INTO `skillstrengthenprob` VALUES
(5,10000,8000,6000,4000,3000,2000,1000,1000,1000),
(6,10000,8000,6000,4000,3000,2000,1000,1000,1000),
(7,10000,8000,6000,4000,3000,2000,1000,1000,1000),
(8,10000,8000,6000,4000,3000,2000,1000,1000,1000),
(9,10000,8000,6000,4000,3000,2000,1000,1000,1000),
(12,10000,8000,6000,4000,3000,2000,1000,1000,1000),
(13,10000,8000,6000,4000,3000,2000,1000,1000,1000),
(14,10000,8000,6000,4000,3000,2000,1000,1000,1000),
(15,10000,8000,6000,4000,3000,2000,1000,1000,1000),
(16,10000,8000,6000,4000,3000,2000,1000,1000,1000),
(18,10000,8000,6000,4000,3000,2000,1000,1000,1000),
(22,10000,8000,6000,4000,3000,2000,1000,1000,1000),
(23,10000,8000,6000,4000,3000,2000,1000,1000,1000),
(24,10000,8000,6000,4000,3000,2000,1000,1000,1000),
(25,10000,8000,6000,4000,3000,2000,1000,1000,1000),
(26,10000,8000,6000,4000,3000,2000,1000,1000,1000),
(27,10000,8000,6000,4000,3000,2000,1000,1000,1000),
(28,10000,8000,6000,4000,3000,2000,1000,1000,1000),
(57,10000,8000,6000,4000,3000,2000,1000,1000,1000),
(58,10000,8000,6000,4000,3000,2000,1000,1000,1000),
(118,10000,8000,6000,4000,3000,2000,1000,1000,1000),
(107,10000,8000,6000,4000,3000,2000,1000,1000,1000),
(129,10000,8000,6000,4000,3000,2000,1000,1000,1000),
(108,10000,8000,6000,4000,3000,2000,1000,1000,1000),
(132,10000,8000,6000,4000,3000,2000,1000,1000,1000),
(110,10000,8000,6000,4000,3000,2000,1000,1000,1000),
(120,10000,8000,6000,4000,3000,2000,1000,1000,1000),
(133,10000,8000,6000,4000,3000,2000,1000,1000,1000),
(111,10000,8000,6000,4000,3000,2000,1000,1000,1000),
(121,10000,8000,6000,4000,3000,2000,1000,1000,1000),
(112,10000,8000,6000,4000,3000,2000,1000,1000,1000),
(122,10000,8000,6000,4000,3000,2000,1000,1000,1000),
(135,10000,8000,6000,4000,3000,2000,1000,1000,1000),
(136,10000,8000,6000,4000,3000,2000,1000,1000,1000),
(140,10000,8000,6000,4000,3000,2000,1000,1000,1000),
(141,10000,8000,6000,4000,3000,2000,1000,1000,1000),
(142,10000,8000,6000,4000,3000,2000,1000,1000,1000),
(143,10000,8000,6000,4000,3000,2000,1000,1000,1000),
(144,10000,8000,6000,4000,3000,2000,1000,1000,1000),
(145,10000,8000,6000,4000,3000,2000,1000,1000,1000),
(138,10000,8000,6000,4000,3000,2000,1000,1000,1000),
(139,10000,8000,6000,4000,3000,2000,1000,1000,1000),
(146,10000,8000,6000,4000,3000,2000,1000,1000,1000),
(29,10000,8000,6000,4000,3000,2000,1000,1000,1000),
(30,10000,8000,6000,4000,3000,2000,1000,1000,1000),
(31,10000,8000,6000,4000,3000,2000,1000,1000,1000),
(32,10000,8000,6000,4000,3000,2000,1000,1000,1000),
(33,10000,8000,6000,4000,3000,2000,1000,1000,1000),
(34,10000,8000,6000,4000,3000,2000,1000,1000,1000),
(35,10000,8000,6000,4000,3000,2000,1000,1000,1000),
(156,10000,8000,6000,4000,3000,2000,1000,1000,1000),
(157,10000,8000,6000,4000,3000,2000,1000,1000,1000),
(158,10000,8000,6000,4000,3000,2000,1000,1000,1000),
(159,10000,8000,6000,4000,3000,2000,1000,1000,1000),
(147,10000,8000,6000,4000,3000,2000,1000,1000,1000),
(148,10000,8000,6000,4000,3000,2000,1000,1000,1000),
(149,10000,8000,6000,4000,3000,2000,1000,1000,1000),
(150,10000,8000,6000,4000,3000,2000,1000,1000,1000),
(151,10000,8000,6000,4000,3000,2000,1000,1000,1000),
(152,10000,8000,6000,4000,3000,2000,1000,1000,1000),
(153,10000,8000,6000,4000,3000,2000,1000,1000,1000),
(154,10000,8000,6000,4000,3000,2000,1000,1000,1000),
(155,10000,8000,6000,4000,3000,2000,1000,1000,1000),
(160,10000,8000,6000,4000,3000,2000,1000,1000,1000),
(161,10000,8000,6000,4000,3000,2000,1000,1000,1000),
(59,10000,8000,6000,4000,3000,2000,1000,1000,1000),
(73,10000,8000,6000,4000,3000,2000,1000,1000,1000),
(162,10000,8000,6000,4000,3000,2000,1000,1000,1000),
(75,10000,8000,6000,4000,3000,2000,1000,1000,1000),
(52,10000,8000,6000,4000,3000,2000,1000,1000,1000),
(53,10000,8000,6000,4000,3000,2000,1000,1000,1000),
(54,10000,8000,6000,4000,3000,2000,1000,1000,1000),
(55,10000,8000,6000,4000,3000,2000,1000,1000,1000),
(56,10000,8000,6000,4000,3000,2000,1000,1000,1000),
(37,10000,8000,6000,4000,3000,2000,1000,1000,1000),
(38,10000,8000,6000,4000,3000,2000,1000,1000,1000),
(39,10000,8000,6000,4000,3000,2000,1000,1000,1000),
(40,10000,8000,6000,4000,3000,2000,1000,1000,1000),
(41,10000,8000,6000,4000,3000,2000,1000,1000,1000),
(42,10000,8000,6000,4000,3000,2000,1000,1000,1000),
(43,10000,8000,6000,4000,3000,2000,1000,1000,1000),
(44,10000,8000,6000,4000,3000,2000,1000,1000,1000),
(45,10000,8000,6000,4000,3000,2000,1000,1000,1000),
(46,10000,8000,6000,4000,3000,2000,1000,1000,1000),
(47,10000,8000,6000,4000,3000,2000,1000,1000,1000),
(48,10000,8000,6000,4000,3000,2000,1000,1000,1000),
(49,10000,8000,6000,4000,3000,2000,1000,1000,1000),
(50,10000,8000,6000,4000,3000,2000,1000,1000,1000),
(51,10000,8000,6000,4000,3000,2000,1000,1000,1000),
(76,10000,8000,6000,4000,3000,2000,1000,1000,1000),
(77,10000,8000,6000,4000,3000,2000,1000,1000,1000),
(78,10000,8000,6000,4000,3000,2000,1000,1000,1000),
(79,10000,8000,6000,4000,3000,2000,1000,1000,1000),
(80,10000,8000,6000,4000,3000,2000,1000,1000,1000),
(81,10000,8000,6000,4000,3000,2000,1000,1000,1000),
(82,10000,8000,6000,4000,3000,2000,1000,1000,1000),
(83,10000,8000,6000,4000,3000,2000,1000,1000,1000),
(84,10000,8000,6000,4000,3000,2000,1000,1000,1000),
(85,10000,8000,6000,4000,3000,2000,1000,1000,1000),
(86,10000,8000,6000,4000,3000,2000,1000,1000,1000),
(87,10000,8000,6000,4000,3000,2000,1000,1000,1000),
(88,10000,8000,6000,4000,3000,2000,1000,1000,1000),
(89,10000,8000,6000,4000,3000,2000,1000,1000,1000),
(90,10000,8000,6000,4000,3000,2000,1000,1000,1000),
(91,10000,8000,6000,4000,3000,2000,1000,1000,1000),
(92,10000,8000,6000,4000,3000,2000,1000,1000,1000),
(93,10000,8000,6000,4000,3000,2000,1000,1000,1000),
(94,10000,8000,6000,4000,3000,2000,1000,1000,1000),
(95,10000,8000,6000,4000,3000,2000,1000,1000,1000),
(69,10000,8000,6000,4000,3000,2000,1000,1000,1000),
(70,10000,8000,6000,4000,3000,2000,1000,1000,1000),
(71,10000,8000,6000,4000,3000,2000,1000,1000,1000),
(60,10000,8000,6000,4000,3000,2000,1000,1000,1000),
(61,10000,8000,6000,4000,3000,2000,1000,1000,1000),
(62,10000,8000,6000,4000,3000,2000,1000,1000,1000),
(63,10000,8000,6000,4000,3000,2000,1000,1000,1000),
(64,10000,8000,6000,4000,3000,2000,1000,1000,1000),
(65,10000,8000,6000,4000,3000,2000,1000,1000,1000),
(66,10000,8000,6000,4000,3000,2000,1000,1000,1000),
(67,10000,8000,6000,4000,3000,2000,1000,1000,1000),
(68,10000,8000,6000,4000,3000,2000,1000,1000,1000),
(630,10000,8000,6000,4000,3000,2000,1000,1000,1000),
(631,10000,8000,6000,4000,3000,2000,1000,1000,1000),
(632,10000,8000,6000,4000,3000,2000,1000,1000,1000),
(633,10000,8000,6000,4000,3000,2000,1000,1000,1000),
(634,10000,8000,6000,4000,3000,2000,1000,1000,1000),
(635,10000,8000,6000,4000,3000,2000,1000,1000,1000),
(636,10000,8000,6000,4000,3000,2000,1000,1000,1000),
(637,10000,8000,6000,4000,3000,2000,1000,1000,1000),
(638,10000,8000,6000,4000,3000,2000,1000,1000,1000),
(639,10000,8000,6000,4000,3000,2000,1000,1000,1000),
(640,10000,8000,6000,4000,3000,2000,1000,1000,1000),
(641,10000,8000,6000,4000,3000,2000,1000,1000,1000),
(616,10000,8000,6000,4000,3000,2000,1000,1000,1000),
(617,10000,8000,6000,4000,3000,2000,1000,1000,1000),
(618,10000,8000,6000,4000,3000,2000,1000,1000,1000),
(619,10000,8000,6000,4000,3000,2000,1000,1000,1000),
(620,10000,8000,6000,4000,3000,2000,1000,1000,1000),
(621,10000,8000,6000,4000,3000,2000,1000,1000,1000),
(163,10000,8000,6000,4000,3000,2000,1000,1000,1000),
(164,10000,8000,6000,4000,3000,2000,1000,1000,1000),
(165,10000,8000,6000,4000,3000,2000,1000,1000,1000),
(166,10000,8000,6000,4000,3000,2000,1000,1000,1000);
