INSERT INTO `skillstrengthen_effect` VALUES
(1,1,1,100.000000,0,'1',0,2,20.000000,0.000000,0.000000),
(2,1,1,100.000000,0,'1',0,2,24.700000,0.000000,0.000000),
(3,1,1,100.000000,0,'1',0,2,30.200000,0.000000,0.000000),
(4,1,1,100.000000,0,'1',0,2,36.500000,0.000000,0.000000),
(5,1,1,100.000000,0,'1',0,2,43.700000,0.000000,0.000000),
(6,1,1,100.000000,0,'1',0,2,51.600000,0.000000,0.000000),
(7,1,1,100.000000,0,'1',0,2,60.200000,0.000000,0.000000),
(8,1,1,100.000000,0,'1',0,2,69.700000,0.000000,0.000000),
(9,1,1,100.000000,0,'1',0,2,80.000000,0.000000,0.000000),
(10,2,1,100.000000,0,'1',2,3,10.000000,0.000000,0.000000),
(11,2,1,100.000000,0,'1',2,3,12.300000,0.000000,0.000000),
(12,2,1,100.000000,0,'1',2,3,15.100000,0.000000,0.000000),
(13,2,1,100.000000,0,'1',2,3,18.300000,0.000000,0.000000),
(14,2,1,100.000000,0,'1',2,3,21.800000,0.000000,0.000000),
(15,2,1,100.000000,0,'1',2,3,25.800000,0.000000,0.000000),
(16,2,1,100.000000,0,'1',2,3,30.100000,0.000000,0.000000),
(17,2,1,100.000000,0,'1',2,3,34.900000,0.000000,0.000000),
(18,2,1,100.000000,0,'1',2,3,40.000000,0.000000,0.000000),
(19,3,1,100.000000,0,'1',3,4,6.200000,0.000000,0.000000),
(20,3,1,100.000000,0,'1',3,4,7.700000,0.000000,0.000000),
(21,3,1,100.000000,0,'1',3,4,9.400000,0.000000,0.000000),
(22,3,1,100.000000,0,'1',3,4,11.400000,0.000000,0.000000),
(23,3,1,100.000000,0,'1',3,4,13.600000,0.000000,0.000000),
(24,3,1,100.000000,0,'1',3,4,16.100000,0.000000,0.000000),
(25,3,1,100.000000,0,'1',3,4,18.800000,0.000000,0.000000),
(26,3,1,100.000000,0,'1',3,4,21.800000,0.000000,0.000000),
(27,3,1,100.000000,0,'1',3,4,25.000000,0.000000,0.000000),
(28,5,1,24.000000,0,'1',0,5,0.000000,0.000000,0.000000),
(29,5,1,30.000000,0,'1',0,5,0.000000,0.000000,0.000000),
(30,5,1,37.000000,0,'1',0,5,0.000000,0.000000,0.000000),
(31,5,1,45.000000,0,'1',0,5,0.000000,0.000000,0.000000),
(32,5,1,54.000000,0,'1',0,5,0.000000,0.000000,0.000000),
(33,5,1,64.000000,0,'1',0,5,0.000000,0.000000,0.000000),
(34,5,1,75.000000,0,'1',0,5,0.000000,0.000000,0.000000),
(35,5,1,87.000000,0,'1',0,5,0.000000,0.000000,0.000000),
(36,5,1,100.000000,0,'1',0,5,0.000000,0.000000,0.000000),
(37,0,1,100.000000,7,'1',0,1,24.900000,0.000000,0.000000),
(38,0,1,100.000000,7,'1',0,1,30.900000,0.000000,0.000000),
(39,0,1,100.000000,7,'1',0,1,37.800000,0.000000,0.000000),
(40,0,1,100.000000,7,'1',0,1,45.700000,0.000000,0.000000),
(41,0,1,100.000000,7,'1',0,1,54.600000,0.000000,0.000000),
(42,0,1,100.000000,7,'1',0,1,64.400000,0.000000,0.000000),
(43,0,1,100.000000,7,'1',0,1,75.300000,0.000000,0.000000),
(44,0,1,100.000000,7,'1',0,1,87.200000,0.000000,0.000000),
(45,0,1,100.000000,7,'1',0,1,100.000000,0.000000,0.000000),
(46,6,0,100.000000,0,'1',1,6,10.000000,0.000000,0.000000),
(47,6,0,100.000000,0,'1',1,6,12.300000,0.000000,0.000000),
(48,6,0,100.000000,0,'1',1,6,15.100000,0.000000,0.000000),
(49,6,0,100.000000,0,'1',1,6,18.300000,0.000000,0.000000),
(50,6,0,100.000000,0,'1',1,6,21.800000,0.000000,0.000000),
(51,6,0,100.000000,0,'1',1,6,25.800000,0.000000,0.000000),
(52,6,0,100.000000,0,'1',1,6,30.100000,0.000000,0.000000),
(53,6,0,100.000000,0,'1',1,6,34.900000,0.000000,0.000000),
(54,6,0,100.000000,0,'1',1,6,40.000000,0.000000,0.000000),
(55,7,1,100.000000,0,'1',3,7,-2.500000,0.000000,0.000000),
(56,7,1,100.000000,0,'1',3,7,-3.100000,0.000000,0.000000),
(57,7,1,100.000000,0,'1',3,7,-3.800000,0.000000,0.000000),
(58,7,1,100.000000,0,'1',3,7,-4.600000,0.000000,0.000000),
(59,7,1,100.000000,0,'1',3,7,-5.500000,0.000000,0.000000),
(60,7,1,100.000000,0,'1',3,7,-6.400000,0.000000,0.000000),
(61,7,1,100.000000,0,'1',3,7,-7.500000,0.000000,0.000000),
(62,7,1,100.000000,0,'1',3,7,-8.700000,0.000000,0.000000),
(63,7,1,100.000000,0,'1',3,7,-10.000000,0.000000,0.000000),
(64,1,1,100.000000,0,'1',2,3,10.000000,0.000000,0.000000),
(65,1,1,100.000000,0,'1',2,3,12.300000,0.000000,0.000000),
(66,1,1,100.000000,0,'1',2,3,15.100000,0.000000,0.000000),
(67,1,1,100.000000,0,'1',2,3,18.300000,0.000000,0.000000),
(68,1,1,100.000000,0,'1',2,3,21.800000,0.000000,0.000000),
(69,1,1,100.000000,0,'1',2,3,25.800000,0.000000,0.000000),
(70,1,1,100.000000,0,'1',2,3,30.100000,0.000000,0.000000),
(71,1,1,100.000000,0,'1',2,3,34.900000,0.000000,0.000000),
(72,1,1,100.000000,0,'1',2,3,40.000000,0.000000,0.000000),
(73,8,0,100.000000,0,'1',0,9,20.000000,0.000000,0.000000),
(74,8,0,100.000000,0,'1',0,9,24.700000,0.000000,0.000000),
(75,8,0,100.000000,0,'1',0,9,30.200000,0.000000,0.000000),
(76,8,0,100.000000,0,'1',0,9,36.500000,0.000000,0.000000),
(77,8,0,100.000000,0,'1',0,9,43.700000,0.000000,0.000000),
(78,8,0,100.000000,0,'1',0,9,51.600000,0.000000,0.000000),
(79,8,0,100.000000,0,'1',0,9,60.200000,0.000000,0.000000),
(80,8,0,100.000000,0,'1',0,9,69.700000,0.000000,0.000000),
(81,8,0,100.000000,0,'1',0,9,80.000000,0.000000,0.000000),
(82,6,0,100.000000,1,'1',1,13,1.200000,0.000000,0.000000),
(83,6,0,100.000000,1,'1',1,13,1.500000,0.000000,0.000000),
(84,6,0,100.000000,1,'1',1,13,1.900000,0.000000,0.000000),
(85,6,0,100.000000,1,'1',1,13,2.300000,0.000000,0.000000),
(86,6,0,100.000000,1,'1',1,13,2.700000,0.000000,0.000000),
(87,6,0,100.000000,1,'1',1,13,3.200000,0.000000,0.000000),
(88,6,0,100.000000,1,'1',1,13,3.800000,0.000000,0.000000),
(89,6,0,100.000000,1,'1',1,13,4.400000,0.000000,0.000000),
(90,6,0,100.000000,1,'1',1,13,5.000000,0.000000,0.000000),
(91,8,0,100.000000,0,'1',0,8,24.900000,0.000000,0.000000),
(92,8,0,100.000000,0,'1',0,8,30.900000,0.000000,0.000000),
(93,8,0,100.000000,0,'1',0,8,37.800000,0.000000,0.000000),
(94,8,0,100.000000,0,'1',0,8,45.700000,0.000000,0.000000),
(95,8,0,100.000000,0,'1',0,8,54.600000,0.000000,0.000000),
(96,8,0,100.000000,0,'1',0,8,64.400000,0.000000,0.000000),
(97,8,0,100.000000,0,'1',0,8,75.300000,0.000000,0.000000),
(98,8,0,100.000000,0,'1',0,8,87.200000,0.000000,0.000000),
(99,8,0,100.000000,0,'1',0,8,100.000000,0.000000,0.000000),
(100,9,1,100.000000,0,'1',0,10,5.000000,0.000000,0.000000),
(101,9,1,100.000000,0,'1',0,10,6.200000,0.000000,0.000000),
(102,9,1,100.000000,0,'1',0,10,7.600000,0.000000,0.000000),
(103,9,1,100.000000,0,'1',0,10,9.100000,0.000000,0.000000),
(104,9,1,100.000000,0,'1',0,10,10.900000,0.000000,0.000000),
(105,9,1,100.000000,0,'1',0,10,12.900000,0.000000,0.000000),
(106,9,1,100.000000,0,'1',0,10,15.100000,0.000000,0.000000),
(107,9,1,100.000000,0,'1',0,10,17.400000,0.000000,0.000000),
(108,9,1,100.000000,0,'1',0,10,20.000000,0.000000,0.000000),
(109,2,1,100.000000,0,'1',0,2,20.000000,0.000000,0.000000),
(110,2,1,100.000000,0,'1',0,2,24.700000,0.000000,0.000000),
(111,2,1,100.000000,0,'1',0,2,30.200000,0.000000,0.000000),
(112,2,1,100.000000,0,'1',0,2,36.500000,0.000000,0.000000),
(113,2,1,100.000000,0,'1',0,2,43.700000,0.000000,0.000000),
(114,2,1,100.000000,0,'1',0,2,51.600000,0.000000,0.000000),
(115,2,1,100.000000,0,'1',0,2,60.200000,0.000000,0.000000),
(116,2,1,100.000000,0,'1',0,2,69.700000,0.000000,0.000000),
(117,2,1,100.000000,0,'1',0,2,80.000000,0.000000,0.000000),
(118,1,1,100.000000,0,'1',2,3,10.000000,0.000000,0.000000),
(119,1,1,100.000000,0,'1',2,3,12.300000,0.000000,0.000000),
(120,1,1,100.000000,0,'1',2,3,15.100000,0.000000,0.000000),
(121,1,1,100.000000,0,'1',2,3,18.300000,0.000000,0.000000),
(122,1,1,100.000000,0,'1',2,3,21.800000,0.000000,0.000000),
(123,1,1,100.000000,0,'1',2,3,25.800000,0.000000,0.000000),
(124,1,1,100.000000,0,'1',2,3,30.100000,0.000000,0.000000),
(125,1,1,100.000000,0,'1',2,3,34.900000,0.000000,0.000000),
(126,1,1,100.000000,0,'1',2,3,40.000000,0.000000,0.000000),
(127,4,1,100.000000,0,'1',3,4,6.200000,0.000000,0.000000),
(128,4,1,100.000000,0,'1',3,4,7.700000,0.000000,0.000000),
(129,4,1,100.000000,0,'1',3,4,9.400000,0.000000,0.000000),
(130,4,1,100.000000,0,'1',3,4,11.400000,0.000000,0.000000),
(131,4,1,100.000000,0,'1',3,4,13.600000,0.000000,0.000000),
(132,4,1,100.000000,0,'1',3,4,16.100000,0.000000,0.000000),
(133,4,1,100.000000,0,'1',3,4,18.800000,0.000000,0.000000),
(134,4,1,100.000000,0,'1',3,4,21.800000,0.000000,0.000000),
(135,4,1,100.000000,0,'1',3,4,25.000000,0.000000,0.000000),
(136,11,0,100.000000,0,'1',1,11,24.900000,0.000000,0.000000),
(137,11,0,100.000000,0,'1',1,11,30.900000,0.000000,0.000000),
(138,11,0,100.000000,0,'1',1,11,37.800000,0.000000,0.000000),
(139,11,0,100.000000,0,'1',1,11,45.700000,0.000000,0.000000),
(140,11,0,100.000000,0,'1',1,11,54.600000,0.000000,0.000000),
(141,11,0,100.000000,0,'1',1,11,64.400000,0.000000,0.000000),
(142,11,0,100.000000,0,'1',1,11,75.300000,0.000000,0.000000),
(143,11,0,100.000000,0,'1',1,11,87.200000,0.000000,0.000000),
(144,11,0,100.000000,0,'1',1,11,100.000000,0.000000,0.000000),
(145,9,0,100.000000,0,'1',1,12,5.000000,0.000000,0.000000),
(146,9,0,100.000000,0,'1',1,12,6.200000,0.000000,0.000000),
(147,9,0,100.000000,0,'1',1,12,7.600000,0.000000,0.000000),
(148,9,0,100.000000,0,'1',1,12,9.100000,0.000000,0.000000),
(149,9,0,100.000000,0,'1',1,12,10.900000,0.000000,0.000000),
(150,9,0,100.000000,0,'1',1,12,12.900000,0.000000,0.000000),
(151,9,0,100.000000,0,'1',1,12,15.100000,0.000000,0.000000),
(152,9,0,100.000000,0,'1',1,12,17.400000,0.000000,0.000000),
(153,9,0,100.000000,0,'1',1,12,20.000000,0.000000,0.000000),
(154,1,1,100.000000,0,'1',0,2,20.000000,0.000000,0.000000),
(155,1,1,100.000000,0,'1',0,2,24.700000,0.000000,0.000000),
(156,1,1,100.000000,0,'1',0,2,30.200000,0.000000,0.000000),
(157,1,1,100.000000,0,'1',0,2,36.500000,0.000000,0.000000),
(158,1,1,100.000000,0,'1',0,2,43.700000,0.000000,0.000000),
(159,1,1,100.000000,0,'1',0,2,51.600000,0.000000,0.000000),
(160,1,1,100.000000,0,'1',0,2,60.200000,0.000000,0.000000),
(161,1,1,100.000000,0,'1',0,2,69.700000,0.000000,0.000000),
(162,1,1,100.000000,0,'1',0,2,80.000000,0.000000,0.000000),
(559,23,1,20.000000,0,'1',1,19,2.000000,2.000000,0.000000),
(560,23,1,30.000000,0,'1',1,19,2.000000,2.000000,0.000000),
(561,23,1,40.000000,0,'1',1,19,2.000000,2.000000,0.000000),
(562,23,1,50.000000,0,'1',1,19,2.000000,2.000000,0.000000),
(563,23,1,60.000000,0,'1',1,19,2.000000,2.000000,0.000000),
(564,23,1,70.000000,0,'1',1,19,2.000000,2.000000,0.000000),
(565,23,1,80.000000,0,'1',1,19,2.000000,2.000000,0.000000),
(566,23,1,90.000000,0,'1',1,19,2.000000,2.000000,0.000000),
(567,23,1,100.000000,0,'1',1,19,2.000000,2.000000,0.000000),
(568,0,0,20.000000,0,'1',2,38,0.000000,0.000000,0.000000),
(569,0,0,30.000000,0,'1',2,38,0.000000,0.000000,0.000000),
(570,0,0,40.000000,0,'1',2,38,0.000000,0.000000,0.000000),
(571,0,0,50.000000,0,'1',2,38,0.000000,0.000000,0.000000),
(572,0,0,60.000000,0,'1',2,38,0.000000,0.000000,0.000000),
(573,0,0,70.000000,0,'1',2,38,0.000000,0.000000,0.000000),
(574,0,0,80.000000,0,'1',2,38,0.000000,0.000000,0.000000),
(575,0,0,90.000000,0,'1',2,38,0.000000,0.000000,0.000000),
(576,0,0,100.000000,0,'1',2,38,0.000000,0.000000,0.000000),
(163,13,0,100.000000,0,'1',1,17,7.800000,0.000000,0.000000),
(164,13,0,100.000000,0,'1',1,17,11.100000,0.000000,0.000000),
(165,13,0,100.000000,0,'1',1,17,15.000000,0.000000,0.000000),
(166,13,0,100.000000,0,'1',1,17,19.400000,0.000000,0.000000),
(167,13,0,100.000000,0,'1',1,17,24.400000,0.000000,0.000000),
(168,13,0,100.000000,0,'1',1,17,30.000000,0.000000,0.000000),
(169,13,0,100.000000,0,'1',1,17,36.100000,0.000000,0.000000),
(170,13,0,100.000000,0,'1',1,17,42.800000,0.000000,0.000000),
(171,13,0,100.000000,0,'1',1,17,50.000000,0.000000,0.000000),
(172,13,0,100.000000,0,'1',1,18,4.700000,0.000000,0.000000),
(173,13,0,100.000000,0,'1',1,18,6.700000,0.000000,0.000000),
(174,13,0,100.000000,0,'1',1,18,9.000000,0.000000,0.000000),
(175,13,0,100.000000,0,'1',1,18,11.700000,0.000000,0.000000),
(176,13,0,100.000000,0,'1',1,18,14.700000,0.000000,0.000000),
(177,13,0,100.000000,0,'1',1,18,18.000000,0.000000,0.000000),
(178,13,0,100.000000,0,'1',1,18,21.700000,0.000000,0.000000),
(179,13,0,100.000000,0,'1',1,18,25.700000,0.000000,0.000000),
(180,13,0,100.000000,0,'1',1,18,30.000000,0.000000,0.000000),
(181,13,0,100.000000,0,'1',1,14,4.700000,0.000000,0.000000),
(182,13,0,100.000000,0,'1',1,14,6.700000,0.000000,0.000000),
(183,13,0,100.000000,0,'1',1,14,9.000000,0.000000,0.000000),
(184,13,0,100.000000,0,'1',1,14,11.700000,0.000000,0.000000),
(185,13,0,100.000000,0,'1',1,14,14.700000,0.000000,0.000000),
(186,13,0,100.000000,0,'1',1,14,18.000000,0.000000,0.000000),
(187,13,0,100.000000,0,'1',1,14,21.700000,0.000000,0.000000),
(188,13,0,100.000000,0,'1',1,14,25.700000,0.000000,0.000000),
(189,13,0,100.000000,0,'1',1,14,30.000000,0.000000,0.000000),
(190,14,1,100.000000,0,'1',1,30,5.100000,2.550000,1.275000),
(191,14,1,100.000000,0,'1',1,30,7.300000,3.650000,1.825000),
(192,14,1,100.000000,0,'1',1,30,9.900000,4.950000,2.475000),
(193,14,1,100.000000,0,'1',1,30,12.800000,6.400000,3.200000),
(194,14,1,100.000000,0,'1',1,30,16.100000,8.050000,4.025000),
(195,14,1,100.000000,0,'1',1,30,19.800000,9.900000,4.950000),
(196,14,1,100.000000,0,'1',1,30,23.800000,11.900000,5.950000),
(197,14,1,100.000000,0,'1',1,30,28.200000,14.100000,7.050000),
(198,14,1,100.000000,0,'1',1,30,33.000000,16.500000,8.250000),
(199,15,1,100.000000,0,'1',1,20,9.300000,7.800000,0.000000),
(200,15,1,100.000000,0,'1',1,20,13.300000,11.100000,0.000000),
(201,15,1,100.000000,0,'1',1,20,18.000000,15.000000,0.000000),
(202,15,1,100.000000,0,'1',1,20,23.300000,19.400000,0.000000),
(203,15,1,100.000000,0,'1',1,20,29.300000,24.400000,0.000000),
(204,15,1,100.000000,0,'1',1,20,36.000000,30.000000,0.000000),
(205,15,1,100.000000,0,'1',1,20,43.300000,36.100000,0.000000),
(206,15,1,100.000000,0,'1',1,20,51.300000,42.800000,0.000000),
(207,15,1,100.000000,0,'1',1,20,60.000000,50.000000,0.000000),
(208,12,1,100.000000,0,'1',1,16,9.300000,0.000000,0.000000),
(209,12,1,100.000000,0,'1',1,16,13.300000,0.000000,0.000000),
(210,12,1,100.000000,0,'1',1,16,18.000000,0.000000,0.000000),
(211,12,1,100.000000,0,'1',1,16,23.300000,0.000000,0.000000),
(212,12,1,100.000000,0,'1',1,16,29.300000,0.000000,0.000000),
(213,12,1,100.000000,0,'1',1,16,36.000000,0.000000,0.000000),
(214,12,1,100.000000,0,'1',1,16,43.300000,0.000000,0.000000),
(215,12,1,100.000000,0,'1',1,16,51.300000,0.000000,0.000000),
(216,12,1,100.000000,0,'1',1,16,60.000000,0.000000,0.000000),
(217,13,1,100.000000,0,'1',2,21,7.800000,0.000000,0.000000),
(218,13,1,100.000000,0,'1',2,21,11.100000,0.000000,0.000000),
(219,13,1,100.000000,0,'1',2,21,15.000000,0.000000,0.000000),
(220,13,1,100.000000,0,'1',2,21,19.400000,0.000000,0.000000),
(221,13,1,100.000000,0,'1',2,21,24.400000,0.000000,0.000000),
(222,13,1,100.000000,0,'1',2,21,30.000000,0.000000,0.000000),
(223,13,1,100.000000,0,'1',2,21,36.100000,0.000000,0.000000),
(224,13,1,100.000000,0,'1',2,21,42.800000,0.000000,0.000000),
(225,13,1,100.000000,0,'1',2,21,50.000000,0.000000,0.000000),
(226,12,1,100.000000,0,'1',1,16,9.600000,0.000000,0.000000),
(227,12,1,100.000000,0,'1',1,16,13.800000,0.000000,0.000000),
(228,12,1,100.000000,0,'1',1,16,18.600000,0.000000,0.000000),
(229,12,1,100.000000,0,'1',1,16,24.100000,0.000000,0.000000),
(230,12,1,100.000000,0,'1',1,16,30.300000,0.000000,0.000000),
(231,12,1,100.000000,0,'1',1,16,37.200000,0.000000,0.000000),
(232,12,1,100.000000,0,'1',1,16,44.800000,0.000000,0.000000),
(233,12,1,100.000000,0,'1',1,16,53.000000,0.000000,0.000000),
(234,12,1,100.000000,0,'1',1,16,62.000000,0.000000,0.000000),
(235,12,1,100.000000,0,'1',1,16,9.600000,0.000000,0.000000),
(236,12,1,100.000000,0,'1',1,16,13.800000,0.000000,0.000000),
(237,12,1,100.000000,0,'1',1,16,18.600000,0.000000,0.000000),
(238,12,1,100.000000,0,'1',1,16,24.100000,0.000000,0.000000),
(239,12,1,100.000000,0,'1',1,16,30.300000,0.000000,0.000000),
(240,12,1,100.000000,0,'1',1,16,37.200000,0.000000,0.000000),
(241,12,1,100.000000,0,'1',1,16,44.800000,0.000000,0.000000),
(242,12,1,100.000000,0,'1',1,16,53.000000,0.000000,0.000000),
(243,12,1,100.000000,0,'1',1,16,62.000000,0.000000,0.000000),
(244,12,1,100.000000,0,'1',1,16,6.200000,0.000000,0.000000),
(245,12,1,100.000000,0,'1',1,16,8.900000,0.000000,0.000000),
(246,12,1,100.000000,0,'1',1,16,12.000000,0.000000,0.000000),
(247,12,1,100.000000,0,'1',1,16,15.600000,0.000000,0.000000),
(248,12,1,100.000000,0,'1',1,16,19.600000,0.000000,0.000000),
(249,12,1,100.000000,0,'1',1,16,24.000000,0.000000,0.000000),
(250,12,1,100.000000,0,'1',1,16,28.900000,0.000000,0.000000),
(251,12,1,100.000000,0,'1',1,16,34.200000,0.000000,0.000000),
(252,12,1,100.000000,0,'1',1,16,40.000000,0.000000,0.000000),
(253,14,1,100.000000,0,'1',0,26,7.800000,0.000000,0.000000),
(254,14,1,100.000000,0,'1',0,26,11.100000,0.000000,0.000000),
(255,14,1,100.000000,0,'1',0,26,15.000000,0.000000,0.000000),
(256,14,1,100.000000,0,'1',0,26,19.400000,0.000000,0.000000),
(257,14,1,100.000000,0,'1',0,26,24.400000,0.000000,0.000000),
(258,14,1,100.000000,0,'1',0,26,30.000000,0.000000,0.000000),
(259,14,1,100.000000,0,'1',0,26,36.100000,0.000000,0.000000),
(260,14,1,100.000000,0,'1',0,26,42.800000,0.000000,0.000000),
(261,14,1,100.000000,0,'1',0,26,50.000000,0.000000,0.000000),
(262,9,1,100.000000,0,'1',1,15,15.600000,0.000000,0.000000),
(263,9,1,100.000000,0,'1',1,15,22.200000,0.000000,0.000000),
(264,9,1,100.000000,0,'1',1,15,30.000000,0.000000,0.000000),
(265,9,1,100.000000,0,'1',1,15,38.900000,0.000000,0.000000),
(266,9,1,100.000000,0,'1',1,15,48.900000,0.000000,0.000000),
(267,9,1,100.000000,0,'1',1,15,60.000000,0.000000,0.000000),
(268,9,1,100.000000,0,'1',1,15,72.200000,0.000000,0.000000),
(269,9,1,100.000000,0,'1',1,15,85.600000,0.000000,0.000000),
(270,9,1,100.000000,0,'1',1,15,100.000000,0.000000,0.000000),
(271,13,1,100.000000,0,'1',2,21,7.800000,0.000000,0.000000),
(272,13,1,100.000000,0,'1',2,21,11.100000,0.000000,0.000000),
(273,13,1,100.000000,0,'1',2,21,15.000000,0.000000,0.000000),
(274,13,1,100.000000,0,'1',2,21,19.400000,0.000000,0.000000),
(275,13,1,100.000000,0,'1',2,21,24.400000,0.000000,0.000000),
(276,13,1,100.000000,0,'1',2,21,30.000000,0.000000,0.000000),
(277,13,1,100.000000,0,'1',2,21,36.100000,0.000000,0.000000),
(278,13,1,100.000000,0,'1',2,21,42.800000,0.000000,0.000000),
(279,13,1,100.000000,0,'1',2,21,50.000000,0.000000,0.000000),
(280,12,1,100.000000,0,'1',1,16,9.500000,7.000000,0.000000),
(281,12,1,100.000000,0,'1',1,16,13.600000,11.000000,0.000000),
(282,12,1,100.000000,0,'1',1,16,18.300000,15.000000,0.000000),
(283,12,1,100.000000,0,'1',1,16,23.700000,19.000000,0.000000),
(284,12,1,100.000000,0,'1',1,16,29.800000,24.000000,0.000000),
(285,12,1,100.000000,0,'1',1,16,36.600000,30.000000,0.000000),
(286,12,1,100.000000,0,'1',1,16,44.100000,36.000000,0.000000),
(287,12,1,100.000000,0,'1',1,16,52.200000,42.000000,0.000000),
(288,12,1,100.000000,0,'1',1,16,61.000000,50.000000,0.000000),
(289,13,1,100.000000,0,'1',1,27,15.600000,0.000000,0.000000),
(290,13,1,100.000000,0,'1',1,27,22.200000,0.000000,0.000000),
(291,13,1,100.000000,0,'1',1,27,30.000000,0.000000,0.000000),
(292,13,1,100.000000,0,'1',1,27,38.900000,0.000000,0.000000),
(293,13,1,100.000000,0,'1',1,27,48.900000,0.000000,0.000000),
(294,13,1,100.000000,0,'1',1,27,60.000000,0.000000,0.000000),
(295,13,1,100.000000,0,'1',1,27,72.200000,0.000000,0.000000),
(296,13,1,100.000000,0,'1',1,27,85.600000,0.000000,0.000000),
(297,13,1,100.000000,0,'1',1,27,100.000000,0.000000,0.000000),
(298,13,1,100.000000,0,'1',2,28,9.300000,0.000000,0.000000),
(299,13,1,100.000000,0,'1',2,28,13.300000,0.000000,0.000000),
(300,13,1,100.000000,0,'1',2,28,18.000000,0.000000,0.000000),
(301,13,1,100.000000,0,'1',2,28,23.300000,0.000000,0.000000),
(302,13,1,100.000000,0,'1',2,28,29.300000,0.000000,0.000000),
(303,13,1,100.000000,0,'1',2,28,36.000000,0.000000,0.000000),
(304,13,1,100.000000,0,'1',2,28,43.300000,0.000000,0.000000),
(305,13,1,100.000000,0,'1',2,28,51.300000,0.000000,0.000000),
(306,13,1,100.000000,0,'1',2,28,60.000000,0.000000,0.000000),
(307,13,0,100.000000,0,'1',0,22,15.600000,0.000000,0.000000),
(308,13,0,100.000000,0,'1',0,22,22.200000,0.000000,0.000000),
(309,13,0,100.000000,0,'1',0,22,30.000000,0.000000,0.000000),
(310,13,0,100.000000,0,'1',0,22,38.900000,0.000000,0.000000),
(311,13,0,100.000000,0,'1',0,22,48.900000,0.000000,0.000000),
(312,13,0,100.000000,0,'1',0,22,60.000000,0.000000,0.000000),
(313,13,0,100.000000,0,'1',0,22,72.200000,0.000000,0.000000),
(314,13,0,100.000000,0,'1',0,22,85.600000,0.000000,0.000000),
(315,13,0,100.000000,0,'1',0,22,100.000000,0.000000,0.000000),
(316,13,0,100.000000,0,'1',1,23,23.300000,0.000000,0.000000),
(317,13,0,100.000000,0,'1',1,23,33.300000,0.000000,0.000000),
(318,13,0,100.000000,0,'1',1,23,45.000000,0.000000,0.000000),
(319,13,0,100.000000,0,'1',1,23,58.300000,0.000000,0.000000),
(320,13,0,100.000000,0,'1',1,23,73.300000,0.000000,0.000000),
(321,13,0,100.000000,0,'1',1,23,90.000000,0.000000,0.000000),
(322,13,0,100.000000,0,'1',1,23,108.300000,0.000000,0.000000),
(323,13,0,100.000000,0,'1',1,23,128.300000,0.000000,0.000000),
(324,13,0,100.000000,0,'1',1,23,150.000000,0.000000,0.000000),
(325,16,0,100.000000,0,'1',0,29,15.600000,0.000000,0.000000),
(326,16,0,100.000000,0,'1',0,29,22.200000,0.000000,0.000000),
(327,16,0,100.000000,0,'1',0,29,30.000000,0.000000,0.000000),
(328,16,0,100.000000,0,'1',0,29,38.900000,0.000000,0.000000),
(329,16,0,100.000000,0,'1',0,29,48.900000,0.000000,0.000000),
(330,16,0,100.000000,0,'1',0,29,60.000000,0.000000,0.000000),
(331,16,0,100.000000,0,'1',0,29,72.200000,0.000000,0.000000),
(332,16,0,100.000000,0,'1',0,29,85.600000,0.000000,0.000000),
(333,16,0,100.000000,0,'1',0,29,100.000000,0.000000,0.000000),
(334,13,0,100.000000,0,'1',1,24,9.300000,0.000000,0.000000),
(335,13,0,100.000000,0,'1',1,24,13.300000,0.000000,0.000000),
(336,13,0,100.000000,0,'1',1,24,18.000000,0.000000,0.000000),
(337,13,0,100.000000,0,'1',1,24,23.300000,0.000000,0.000000),
(338,13,0,100.000000,0,'1',1,24,29.300000,0.000000,0.000000),
(339,13,0,100.000000,0,'1',1,24,36.000000,0.000000,0.000000),
(340,13,0,100.000000,0,'1',1,24,43.300000,0.000000,0.000000),
(341,13,0,100.000000,0,'1',1,24,51.300000,0.000000,0.000000),
(342,13,0,100.000000,0,'1',1,24,60.000000,0.000000,0.000000),
(343,13,1,100.000000,0,'1',3,25,3.000000,0.000000,0.000000),
(344,13,1,100.000000,0,'1',3,25,5.000000,0.000000,0.000000),
(345,13,1,100.000000,0,'1',3,25,7.000000,0.000000,0.000000),
(346,13,1,100.000000,0,'1',3,25,9.000000,0.000000,0.000000),
(347,13,1,100.000000,0,'1',3,25,12.000000,0.000000,0.000000),
(348,13,1,100.000000,0,'1',3,25,15.000000,0.000000,0.000000),
(349,13,1,100.000000,0,'1',3,25,18.000000,0.000000,0.000000),
(350,13,1,100.000000,0,'1',3,25,21.000000,0.000000,0.000000),
(351,13,1,100.000000,0,'1',3,25,25.000000,0.000000,0.000000),
(352,13,1,100.000000,0,'1',2,21,7.800000,0.000000,0.000000),
(353,13,1,100.000000,0,'1',2,21,11.100000,0.000000,0.000000),
(354,13,1,100.000000,0,'1',2,21,15.000000,0.000000,0.000000),
(355,13,1,100.000000,0,'1',2,21,19.400000,0.000000,0.000000),
(356,13,1,100.000000,0,'1',2,21,24.400000,0.000000,0.000000),
(357,13,1,100.000000,0,'1',2,21,30.000000,0.000000,0.000000),
(358,13,1,100.000000,0,'1',2,21,36.100000,0.000000,0.000000),
(359,13,1,100.000000,0,'1',2,21,42.800000,0.000000,0.000000),
(360,13,1,100.000000,0,'1',2,21,50.000000,0.000000,0.000000),
(361,12,1,100.000000,0,'1',2,16,9.500000,7.000000,0.000000),
(362,12,1,100.000000,0,'1',2,16,13.600000,11.000000,0.000000),
(363,12,1,100.000000,0,'1',2,16,18.300000,15.000000,0.000000),
(364,12,1,100.000000,0,'1',2,16,23.700000,19.000000,0.000000),
(365,12,1,100.000000,0,'1',2,16,29.800000,24.000000,0.000000),
(366,12,1,100.000000,0,'1',2,16,36.600000,30.000000,0.000000),
(367,12,1,100.000000,0,'1',2,16,44.100000,36.000000,0.000000),
(368,12,1,100.000000,0,'1',2,16,52.200000,42.000000,0.000000),
(369,12,1,100.000000,0,'1',2,16,61.000000,50.000000,0.000000),
(370,2,1,100.000000,0,'1',0,32,12.400000,0.000000,0.000000),
(371,2,1,100.000000,0,'1',0,32,17.800000,0.000000,0.000000),
(372,2,1,100.000000,0,'1',0,32,24.000000,0.000000,0.000000),
(373,2,1,100.000000,0,'1',0,32,31.100000,0.000000,0.000000),
(374,2,1,100.000000,0,'1',0,32,39.100000,0.000000,0.000000),
(375,2,1,100.000000,0,'1',0,32,48.000000,0.000000,0.000000),
(376,2,1,100.000000,0,'1',0,32,57.800000,0.000000,0.000000),
(377,2,1,100.000000,0,'1',0,32,68.400000,0.000000,0.000000),
(378,2,1,100.000000,0,'1',0,32,80.000000,0.000000,0.000000),
(379,20,1,100.000000,0,'1',2,37,2.300000,0.000000,0.000000),
(380,20,1,100.000000,0,'1',2,37,3.300000,0.000000,0.000000),
(381,20,1,100.000000,0,'1',2,37,4.500000,0.000000,0.000000),
(382,20,1,100.000000,0,'1',2,37,5.800000,0.000000,0.000000),
(383,20,1,100.000000,0,'1',2,37,7.300000,0.000000,0.000000),
(384,20,1,100.000000,0,'1',2,37,9.000000,0.000000,0.000000),
(385,20,1,100.000000,0,'1',2,37,10.800000,0.000000,0.000000),
(386,20,1,100.000000,0,'1',2,37,12.800000,0.000000,0.000000),
(387,20,1,100.000000,0,'1',2,37,15.000000,0.000000,0.000000),
(388,20,1,100.000000,0,'1',2,37,2.300000,0.000000,0.000000),
(389,20,1,100.000000,0,'1',2,37,3.300000,0.000000,0.000000),
(390,20,1,100.000000,0,'1',2,37,4.500000,0.000000,0.000000),
(391,20,1,100.000000,0,'1',2,37,5.800000,0.000000,0.000000),
(392,20,1,100.000000,0,'1',2,37,7.300000,0.000000,0.000000),
(393,20,1,100.000000,0,'1',2,37,9.000000,0.000000,0.000000),
(394,20,1,100.000000,0,'1',2,37,10.800000,0.000000,0.000000),
(395,20,1,100.000000,0,'1',2,37,12.800000,0.000000,0.000000),
(396,20,1,100.000000,0,'1',2,37,15.000000,0.000000,0.000000),
(397,17,1,100.000000,0,'1',3,4,3.900000,0.000000,0.000000),
(398,17,1,100.000000,0,'1',3,4,5.600000,0.000000,0.000000),
(399,17,1,100.000000,0,'1',3,4,7.500000,0.000000,0.000000),
(400,17,1,100.000000,0,'1',3,4,9.700000,0.000000,0.000000),
(401,17,1,100.000000,0,'1',3,4,12.200000,0.000000,0.000000),
(402,17,1,100.000000,0,'1',3,4,15.000000,0.000000,0.000000),
(403,17,1,100.000000,0,'1',3,4,18.100000,0.000000,0.000000),
(404,17,1,100.000000,0,'1',3,4,21.400000,0.000000,0.000000),
(405,17,1,100.000000,0,'1',3,4,25.000000,0.000000,0.000000),
(406,1,1,100.000000,0,'1',2,3,6.200000,0.000000,0.000000),
(407,1,1,100.000000,0,'1',2,3,8.900000,0.000000,0.000000),
(408,1,1,100.000000,0,'1',2,3,12.000000,0.000000,0.000000),
(409,1,1,100.000000,0,'1',2,3,15.600000,0.000000,0.000000),
(410,1,1,100.000000,0,'1',2,3,19.600000,0.000000,0.000000),
(411,1,1,100.000000,0,'1',2,3,24.000000,0.000000,0.000000),
(412,1,1,100.000000,0,'1',2,3,28.900000,0.000000,0.000000),
(413,1,1,100.000000,0,'1',2,3,34.200000,0.000000,0.000000),
(414,1,1,100.000000,0,'1',2,3,40.000000,0.000000,0.000000),
(415,8,0,100.000000,0,'1',0,31,5.000000,0.000000,0.000000),
(416,8,0,100.000000,0,'1',0,31,7.100000,0.000000,0.000000),
(417,8,0,100.000000,0,'1',0,31,9.600000,0.000000,0.000000),
(418,8,0,100.000000,0,'1',0,31,12.400000,0.000000,0.000000),
(419,8,0,100.000000,0,'1',0,31,15.600000,0.000000,0.000000),
(420,8,0,100.000000,0,'1',0,31,19.200000,0.000000,0.000000),
(421,8,0,100.000000,0,'1',0,31,23.100000,0.000000,0.000000),
(422,8,0,100.000000,0,'1',0,31,27.400000,0.000000,0.000000),
(423,8,0,100.000000,0,'1',0,31,32.000000,0.000000,0.000000),
(424,19,0,100.000000,0,'1',0,34,15.000000,0.000000,0.000000),
(425,19,0,100.000000,0,'1',0,34,22.000000,0.000000,0.000000),
(426,19,0,100.000000,0,'1',0,34,30.000000,0.000000,0.000000),
(427,19,0,100.000000,0,'1',0,34,38.000000,0.000000,0.000000),
(428,19,0,100.000000,0,'1',0,34,49.000000,0.000000,0.000000),
(429,19,0,100.000000,0,'1',0,34,60.000000,0.000000,0.000000),
(430,19,0,100.000000,0,'1',0,34,72.000000,0.000000,0.000000),
(431,19,0,100.000000,0,'1',0,34,85.000000,0.000000,0.000000),
(432,19,0,100.000000,0,'1',0,34,100.000000,0.000000,0.000000),
(433,13,0,100.000000,0,'1',1,14,4.700000,0.000000,0.000000),
(434,13,0,100.000000,0,'1',1,14,6.700000,0.000000,0.000000),
(435,13,0,100.000000,0,'1',1,14,9.000000,0.000000,0.000000),
(436,13,0,100.000000,0,'1',1,14,11.700000,0.000000,0.000000),
(437,13,0,100.000000,0,'1',1,14,14.700000,0.000000,0.000000),
(438,13,0,100.000000,0,'1',1,14,18.000000,0.000000,0.000000),
(439,13,0,100.000000,0,'1',1,14,21.700000,0.000000,0.000000),
(440,13,0,100.000000,0,'1',1,14,25.700000,0.000000,0.000000),
(441,13,0,100.000000,0,'1',1,14,30.000000,0.000000,0.000000),
(442,12,1,100.000000,0,'1',1,16,9.500000,7.000000,0.000000),
(443,12,1,100.000000,0,'1',1,16,13.600000,11.000000,0.000000),
(444,12,1,100.000000,0,'1',1,16,18.300000,15.000000,0.000000),
(445,12,1,100.000000,0,'1',1,16,23.700000,19.000000,0.000000),
(446,12,1,100.000000,0,'1',1,16,29.800000,24.000000,0.000000),
(447,12,1,100.000000,0,'1',1,16,36.600000,30.000000,0.000000),
(448,12,1,100.000000,0,'1',1,16,44.100000,36.000000,0.000000),
(449,12,1,100.000000,0,'1',1,16,52.200000,42.000000,0.000000),
(450,12,1,100.000000,0,'1',1,16,61.000000,50.000000,0.000000),
(451,12,1,100.000000,0,'1',1,16,9.500000,7.000000,0.000000),
(452,12,1,100.000000,0,'1',1,16,13.600000,11.000000,0.000000),
(453,12,1,100.000000,0,'1',1,16,18.300000,15.000000,0.000000),
(454,12,1,100.000000,0,'1',1,16,23.700000,19.000000,0.000000),
(455,12,1,100.000000,0,'1',1,16,29.800000,24.000000,0.000000),
(456,12,1,100.000000,0,'1',1,16,36.600000,30.000000,0.000000),
(457,12,1,100.000000,0,'1',1,16,44.100000,36.000000,0.000000),
(458,12,1,100.000000,0,'1',1,16,52.200000,42.000000,0.000000),
(459,12,1,100.000000,0,'1',1,16,61.000000,50.000000,0.000000),
(460,13,1,100.000000,0,'1',2,21,7.800000,0.000000,0.000000),
(461,13,1,100.000000,0,'1',2,21,11.100000,0.000000,0.000000),
(462,13,1,100.000000,0,'1',2,21,15.000000,0.000000,0.000000),
(463,13,1,100.000000,0,'1',2,21,19.400000,0.000000,0.000000),
(464,13,1,100.000000,0,'1',2,21,24.400000,0.000000,0.000000),
(465,13,1,100.000000,0,'1',2,21,30.000000,0.000000,0.000000),
(466,13,1,100.000000,0,'1',2,21,36.100000,0.000000,0.000000),
(467,13,1,100.000000,0,'1',2,21,42.800000,0.000000,0.000000),
(468,13,1,100.000000,0,'1',2,21,50.000000,0.000000,0.000000),
(478,22,1,100.000000,0,'1',3,4,6.200000,0.000000,0.000000),
(479,22,1,100.000000,0,'1',3,4,7.700000,0.000000,0.000000),
(480,22,1,100.000000,0,'1',3,4,9.400000,0.000000,0.000000),
(481,22,1,100.000000,0,'1',3,4,11.400000,0.000000,0.000000),
(482,22,1,100.000000,0,'1',3,4,13.600000,0.000000,0.000000),
(483,22,1,100.000000,0,'1',3,4,16.100000,0.000000,0.000000),
(484,22,1,100.000000,0,'1',3,4,18.800000,0.000000,0.000000),
(485,22,1,100.000000,0,'1',3,4,21.800000,0.000000,0.000000),
(486,22,1,100.000000,0,'1',3,4,25.000000,0.000000,0.000000),
(487,13,1,100.000000,0,'1',0,22,25.000000,0.000000,0.000000),
(488,13,1,100.000000,0,'1',0,22,31.000000,0.000000,0.000000),
(489,13,1,100.000000,0,'1',0,22,38.000000,0.000000,0.000000),
(490,13,1,100.000000,0,'1',0,22,46.000000,0.000000,0.000000),
(491,13,1,100.000000,0,'1',0,22,55.000000,0.000000,0.000000),
(492,13,1,100.000000,0,'1',0,22,64.000000,0.000000,0.000000),
(493,13,1,100.000000,0,'1',0,22,75.000000,0.000000,0.000000),
(494,13,1,100.000000,0,'1',0,22,87.000000,0.000000,0.000000),
(495,13,1,100.000000,0,'1',0,22,100.000000,0.000000,0.000000),
(496,4,1,100.000000,0,'1',3,4,6.200000,0.000000,0.000000),
(497,4,1,100.000000,0,'1',3,4,7.700000,0.000000,0.000000),
(498,4,1,100.000000,0,'1',3,4,9.400000,0.000000,0.000000),
(499,4,1,100.000000,0,'1',3,4,11.400000,0.000000,0.000000),
(500,4,1,100.000000,0,'1',3,4,13.600000,0.000000,0.000000),
(501,4,1,100.000000,0,'1',3,4,16.100000,0.000000,0.000000),
(502,4,1,100.000000,0,'1',3,4,18.800000,0.000000,0.000000),
(503,4,1,100.000000,0,'1',3,4,21.800000,0.000000,0.000000),
(504,4,1,100.000000,0,'1',3,4,25.000000,0.000000,0.000000),
(505,21,1,100.000000,0,'1',0,22,25.000000,0.000000,0.000000),
(506,21,1,100.000000,0,'1',0,22,31.000000,0.000000,0.000000),
(507,21,1,100.000000,0,'1',0,22,38.000000,0.000000,0.000000),
(508,21,1,100.000000,0,'1',0,22,46.000000,0.000000,0.000000),
(509,21,1,100.000000,0,'1',0,22,55.000000,0.000000,0.000000),
(510,21,1,100.000000,0,'1',0,22,64.000000,0.000000,0.000000),
(511,21,1,100.000000,0,'1',0,22,75.000000,0.000000,0.000000),
(512,21,1,100.000000,0,'1',0,22,87.000000,0.000000,0.000000),
(513,21,1,100.000000,0,'1',0,22,100.000000,0.000000,0.000000),
(514,21,1,100.000000,0,'1',3,4,6.200000,0.000000,0.000000),
(515,21,1,100.000000,0,'1',3,4,7.700000,0.000000,0.000000),
(516,21,1,100.000000,0,'1',3,4,9.400000,0.000000,0.000000),
(517,21,1,100.000000,0,'1',3,4,11.400000,0.000000,0.000000),
(518,21,1,100.000000,0,'1',3,4,13.600000,0.000000,0.000000),
(519,21,1,100.000000,0,'1',3,4,16.100000,0.000000,0.000000),
(520,21,1,100.000000,0,'1',3,4,18.800000,0.000000,0.000000),
(521,21,1,100.000000,0,'1',3,4,21.800000,0.000000,0.000000),
(522,21,1,100.000000,0,'1',3,4,25.000000,0.000000,0.000000),
(523,21,1,100.000000,0,'1',3,4,6.200000,0.000000,0.000000),
(524,21,1,100.000000,0,'1',3,4,7.700000,0.000000,0.000000),
(525,21,1,100.000000,0,'1',3,4,9.400000,0.000000,0.000000),
(526,21,1,100.000000,0,'1',3,4,11.400000,0.000000,0.000000),
(527,21,1,100.000000,0,'1',3,4,13.600000,0.000000,0.000000),
(528,21,1,100.000000,0,'1',3,4,16.100000,0.000000,0.000000),
(529,21,1,100.000000,0,'1',3,4,18.800000,0.000000,0.000000),
(530,21,1,100.000000,0,'1',3,4,21.800000,0.000000,0.000000),
(531,21,1,100.000000,0,'1',3,4,25.000000,0.000000,0.000000),
(532,21,1,100.000000,0,'1',0,22,25.000000,0.000000,0.000000),
(533,21,1,100.000000,0,'1',0,22,31.000000,0.000000,0.000000),
(534,21,1,100.000000,0,'1',0,22,38.000000,0.000000,0.000000),
(535,21,1,100.000000,0,'1',0,22,46.000000,0.000000,0.000000),
(536,21,1,100.000000,0,'1',0,22,55.000000,0.000000,0.000000),
(537,21,1,100.000000,0,'1',0,22,64.000000,0.000000,0.000000),
(538,21,1,100.000000,0,'1',0,22,75.000000,0.000000,0.000000),
(539,21,1,100.000000,0,'1',0,22,87.000000,0.000000,0.000000),
(540,21,1,100.000000,0,'1',0,22,100.000000,0.000000,0.000000),
(541,21,1,100.000000,0,'1',3,4,6.200000,0.000000,0.000000),
(542,21,1,100.000000,0,'1',3,4,7.700000,0.000000,0.000000),
(543,21,1,100.000000,0,'1',3,4,9.400000,0.000000,0.000000),
(544,21,1,100.000000,0,'1',3,4,11.400000,0.000000,0.000000),
(545,21,1,100.000000,0,'1',3,4,13.600000,0.000000,0.000000),
(546,21,1,100.000000,0,'1',3,4,16.100000,0.000000,0.000000),
(547,21,1,100.000000,0,'1',3,4,18.800000,0.000000,0.000000),
(548,21,1,100.000000,0,'1',3,4,21.800000,0.000000,0.000000),
(549,21,1,100.000000,0,'1',3,4,25.000000,0.000000,0.000000),
(550,21,1,100.000000,0,'1',3,4,6.200000,0.000000,0.000000),
(551,21,1,100.000000,0,'1',3,4,7.700000,0.000000,0.000000),
(552,21,1,100.000000,0,'1',3,4,9.400000,0.000000,0.000000),
(553,21,1,100.000000,0,'1',3,4,11.400000,0.000000,0.000000),
(554,21,1,100.000000,0,'1',3,4,13.600000,0.000000,0.000000),
(555,21,1,100.000000,0,'1',3,4,16.100000,0.000000,0.000000),
(556,21,1,100.000000,0,'1',3,4,18.800000,0.000000,0.000000),
(557,21,1,100.000000,0,'1',3,4,21.800000,0.000000,0.000000),
(558,21,1,100.000000,0,'1',3,4,25.000000,0.000000,0.000000),
(577,21,1,100.000000,0,'1',3,4,6.200000,0.000000,0.000000),
(578,21,1,100.000000,0,'1',3,4,7.700000,0.000000,0.000000),
(579,21,1,100.000000,0,'1',3,4,9.400000,0.000000,0.000000),
(580,21,1,100.000000,0,'1',3,4,11.400000,0.000000,0.000000),
(581,21,1,100.000000,0,'1',3,4,13.600000,0.000000,0.000000),
(582,21,1,100.000000,0,'1',3,4,16.100000,0.000000,0.000000),
(583,21,1,100.000000,0,'1',3,4,18.800000,0.000000,0.000000),
(584,21,1,100.000000,0,'1',3,4,21.800000,0.000000,0.000000),
(585,21,1,100.000000,0,'1',3,4,25.000000,0.000000,0.000000),
(586,21,1,100.000000,0,'1',3,4,6.200000,0.000000,0.000000),
(587,21,1,100.000000,0,'1',3,4,7.700000,0.000000,0.000000),
(588,21,1,100.000000,0,'1',3,4,9.400000,0.000000,0.000000),
(589,21,1,100.000000,0,'1',3,4,11.400000,0.000000,0.000000),
(590,21,1,100.000000,0,'1',3,4,13.600000,0.000000,0.000000),
(591,21,1,100.000000,0,'1',3,4,16.100000,0.000000,0.000000),
(592,21,1,100.000000,0,'1',3,4,18.800000,0.000000,0.000000),
(593,21,1,100.000000,0,'1',3,4,21.800000,0.000000,0.000000),
(594,21,1,100.000000,0,'1',3,4,25.000000,0.000000,0.000000),
(595,0,1,100.000000,0,'1',0,39,25.000000,0.000000,0.000000),
(596,0,1,100.000000,0,'1',0,39,31.000000,0.000000,0.000000),
(597,0,1,100.000000,0,'1',0,39,38.000000,0.000000,0.000000),
(598,0,1,100.000000,0,'1',0,39,46.000000,0.000000,0.000000),
(599,0,1,100.000000,0,'1',0,39,55.000000,0.000000,0.000000),
(600,0,1,100.000000,0,'1',0,39,64.000000,0.000000,0.000000),
(601,0,1,100.000000,0,'1',0,39,75.000000,0.000000,0.000000),
(602,0,1,100.000000,0,'1',0,39,87.000000,0.000000,0.000000),
(603,0,1,100.000000,0,'1',0,39,100.000000,0.000000,0.000000),
(604,24,1,100.000000,1,'1',0,29,9.000000,0.000000,0.000000),
(605,24,1,100.000000,1,'1',0,29,11.000000,0.000000,0.000000),
(606,24,1,100.000000,1,'1',0,29,13.000000,0.000000,0.000000),
(607,24,1,100.000000,1,'1',0,29,15.000000,0.000000,0.000000),
(608,24,1,100.000000,1,'1',0,29,17.000000,0.000000,0.000000),
(609,24,1,100.000000,1,'1',0,29,19.000000,0.000000,0.000000),
(610,24,1,100.000000,1,'1',0,29,21.000000,0.000000,0.000000),
(611,24,1,100.000000,1,'1',0,29,23.000000,0.000000,0.000000),
(612,24,1,100.000000,1,'1',0,29,25.000000,0.000000,0.000000),
(613,25,0,100.000000,1,'1,0.8,0.6,0.5,0.4,0.3,0.3,0.3,0.3,0.3,0.3,0.3,0.3,0.3,0.3,0.3,0.3,0.3,0.3,0.3,0.3,0.3,0.3,0.3,0.3',1,40,24.000000,0.000000,0.000000),
(614,25,0,100.000000,1,'1,0.8,0.6,0.5,0.4,0.3,0.3,0.3,0.3,0.3,0.3,0.3,0.3,0.3,0.3,0.3,0.3,0.3,0.3,0.3,0.3,0.3,0.3,0.3,0.3',1,40,36.000000,0.000000,0.000000),
(615,25,0,100.000000,1,'1,0.8,0.6,0.5,0.4,0.3,0.3,0.3,0.3,0.3,0.3,0.3,0.3,0.3,0.3,0.3,0.3,0.3,0.3,0.3,0.3,0.3,0.3,0.3,0.3',1,40,48.000000,0.000000,0.000000),
(616,25,0,100.000000,1,'1,0.8,0.6,0.5,0.4,0.3,0.3,0.3,0.3,0.3,0.3,0.3,0.3,0.3,0.3,0.3,0.3,0.3,0.3,0.3,0.3,0.3,0.3,0.3,0.3',1,40,60.000000,0.000000,0.000000),
(617,25,0,100.000000,1,'1,0.8,0.6,0.5,0.4,0.3,0.3,0.3,0.3,0.3,0.3,0.3,0.3,0.3,0.3,0.3,0.3,0.3,0.3,0.3,0.3,0.3,0.3,0.3,0.3',1,40,72.000000,0.000000,0.000000),
(618,25,0,100.000000,1,'1,0.8,0.6,0.5,0.4,0.3,0.3,0.3,0.3,0.3,0.3,0.3,0.3,0.3,0.3,0.3,0.3,0.3,0.3,0.3,0.3,0.3,0.3,0.3,0.3',1,40,84.000000,0.000000,0.000000),
(619,25,0,100.000000,1,'1,0.8,0.6,0.5,0.4,0.3,0.3,0.3,0.3,0.3,0.3,0.3,0.3,0.3,0.3,0.3,0.3,0.3,0.3,0.3,0.3,0.3,0.3,0.3,0.3',1,40,96.000000,0.000000,0.000000),
(620,25,0,100.000000,1,'1,0.8,0.6,0.5,0.4,0.3,0.3,0.3,0.3,0.3,0.3,0.3,0.3,0.3,0.3,0.3,0.3,0.3,0.3,0.3,0.3,0.3,0.3,0.3,0.3',1,40,108.000000,0.000000,0.000000),
(621,25,0,100.000000,1,'1,0.8,0.6,0.5,0.4,0.3,0.3,0.3,0.3,0.3,0.3,0.3,0.3,0.3,0.3,0.3,0.3,0.3,0.3,0.3,0.3,0.3,0.3,0.3,0.3',1,40,120.000000,0.000000,0.000000),
(622,2,1,100.000000,0,'1',2,3,12.000000,0.000000,0.000000),
(623,2,1,100.000000,0,'1',2,3,14.800000,0.000000,0.000000),
(624,2,1,100.000000,0,'1',2,3,18.100000,0.000000,0.000000),
(625,2,1,100.000000,0,'1',2,3,22.000000,0.000000,0.000000),
(626,2,1,100.000000,0,'1',2,3,26.200000,0.000000,0.000000),
(627,2,1,100.000000,0,'1',2,3,31.000000,0.000000,0.000000),
(628,2,1,100.000000,0,'1',2,3,36.100000,0.000000,0.000000),
(629,2,1,100.000000,0,'1',2,3,41.900000,0.000000,0.000000),
(630,2,1,100.000000,0,'1',2,3,48.000000,0.000000,0.000000),
(631,18,1,100.000000,0,'1',1,41,25.000000,0.000000,0.000000),
(632,18,1,100.000000,0,'1',1,41,31.000000,0.000000,0.000000),
(633,18,1,100.000000,0,'1',1,41,38.000000,0.000000,0.000000),
(634,18,1,100.000000,0,'1',1,41,46.000000,0.000000,0.000000),
(635,18,1,100.000000,0,'1',1,41,55.000000,0.000000,0.000000),
(636,18,1,100.000000,0,'1',1,41,64.000000,0.000000,0.000000),
(637,18,1,100.000000,0,'1',1,41,75.000000,0.000000,0.000000),
(638,18,1,100.000000,0,'1',1,41,87.000000,0.000000,0.000000),
(639,18,1,100.000000,0,'1',1,41,100.000000,0.000000,0.000000),
(640,18,1,100.000000,0,'1',1,41,25.000000,0.000000,0.000000),
(641,18,1,100.000000,0,'1',1,41,31.000000,0.000000,0.000000),
(642,18,1,100.000000,0,'1',1,41,38.000000,0.000000,0.000000),
(643,18,1,100.000000,0,'1',1,41,46.000000,0.000000,0.000000),
(644,18,1,100.000000,0,'1',1,41,55.000000,0.000000,0.000000),
(645,18,1,100.000000,0,'1',1,41,64.000000,0.000000,0.000000),
(646,18,1,100.000000,0,'1',1,41,75.000000,0.000000,0.000000),
(647,18,1,100.000000,0,'1',1,41,87.000000,0.000000,0.000000),
(648,18,1,100.000000,0,'1',1,41,100.000000,0.000000,0.000000),
(649,18,1,100.000000,0,'1',1,16,25.000000,0.000000,0.000000),
(650,18,1,100.000000,0,'1',1,16,31.000000,0.000000,0.000000),
(651,18,1,100.000000,0,'1',1,16,38.000000,0.000000,0.000000),
(652,18,1,100.000000,0,'1',1,16,46.000000,0.000000,0.000000),
(653,18,1,100.000000,0,'1',1,16,55.000000,0.000000,0.000000),
(654,18,1,100.000000,0,'1',1,16,64.000000,0.000000,0.000000),
(655,18,1,100.000000,0,'1',1,16,75.000000,0.000000,0.000000),
(656,18,1,100.000000,0,'1',1,16,87.000000,0.000000,0.000000),
(657,18,1,100.000000,0,'1',1,16,100.000000,0.000000,0.000000),
(658,18,1,100.000000,0,'1',1,16,25.000000,0.000000,0.000000),
(659,18,1,100.000000,0,'1',1,16,31.000000,0.000000,0.000000),
(660,18,1,100.000000,0,'1',1,16,38.000000,0.000000,0.000000),
(661,18,1,100.000000,0,'1',1,16,46.000000,0.000000,0.000000),
(662,18,1,100.000000,0,'1',1,16,55.000000,0.000000,0.000000),
(663,18,1,100.000000,0,'1',1,16,64.000000,0.000000,0.000000),
(664,18,1,100.000000,0,'1',1,16,75.000000,0.000000,0.000000),
(665,18,1,100.000000,0,'1',1,16,87.000000,0.000000,0.000000),
(666,18,1,100.000000,0,'1',1,16,100.000000,0.000000,0.000000),
(667,18,1,100.000000,0,'1',1,16,25.000000,0.000000,0.000000),
(668,18,1,100.000000,0,'1',1,16,31.000000,0.000000,0.000000),
(669,18,1,100.000000,0,'1',1,16,38.000000,0.000000,0.000000),
(670,18,1,100.000000,0,'1',1,16,46.000000,0.000000,0.000000),
(671,18,1,100.000000,0,'1',1,16,55.000000,0.000000,0.000000),
(672,18,1,100.000000,0,'1',1,16,64.000000,0.000000,0.000000),
(673,18,1,100.000000,0,'1',1,16,75.000000,0.000000,0.000000),
(674,18,1,100.000000,0,'1',1,16,87.000000,0.000000,0.000000),
(675,18,1,100.000000,0,'1',1,16,100.000000,0.000000,0.000000),
(676,18,1,100.000000,0,'1',1,41,25.000000,0.000000,0.000000),
(677,18,1,100.000000,0,'1',1,41,31.000000,0.000000,0.000000),
(678,18,1,100.000000,0,'1',1,41,38.000000,0.000000,0.000000),
(679,18,1,100.000000,0,'1',1,41,46.000000,0.000000,0.000000),
(680,18,1,100.000000,0,'1',1,41,55.000000,0.000000,0.000000),
(681,18,1,100.000000,0,'1',1,41,64.000000,0.000000,0.000000),
(682,18,1,100.000000,0,'1',1,41,75.000000,0.000000,0.000000),
(683,18,1,100.000000,0,'1',1,41,87.000000,0.000000,0.000000),
(684,18,1,100.000000,0,'1',1,41,100.000000,0.000000,0.000000),
(685,18,1,100.000000,0,'1',1,16,25.000000,0.000000,0.000000),
(686,18,1,100.000000,0,'1',1,16,31.000000,0.000000,0.000000),
(687,18,1,100.000000,0,'1',1,16,38.000000,0.000000,0.000000),
(688,18,1,100.000000,0,'1',1,16,46.000000,0.000000,0.000000),
(689,18,1,100.000000,0,'1',1,16,55.000000,0.000000,0.000000),
(690,18,1,100.000000,0,'1',1,16,64.000000,0.000000,0.000000),
(691,18,1,100.000000,0,'1',1,16,75.000000,0.000000,0.000000),
(692,18,1,100.000000,0,'1',1,16,87.000000,0.000000,0.000000),
(693,18,1,100.000000,0,'1',1,16,100.000000,0.000000,0.000000),
(694,18,1,100.000000,0,'1',1,16,25.000000,0.000000,0.000000),
(695,18,1,100.000000,0,'1',1,16,31.000000,0.000000,0.000000),
(696,18,1,100.000000,0,'1',1,16,38.000000,0.000000,0.000000),
(697,18,1,100.000000,0,'1',1,16,46.000000,0.000000,0.000000),
(698,18,1,100.000000,0,'1',1,16,55.000000,0.000000,0.000000),
(699,18,1,100.000000,0,'1',1,16,64.000000,0.000000,0.000000),
(700,18,1,100.000000,0,'1',1,16,75.000000,0.000000,0.000000),
(701,18,1,100.000000,0,'1',1,16,87.000000,0.000000,0.000000),
(702,18,1,100.000000,0,'1',1,16,100.000000,0.000000,0.000000),
(703,18,1,100.000000,0,'1',1,41,25.000000,0.000000,0.000000),
(704,18,1,100.000000,0,'1',1,41,31.000000,0.000000,0.000000),
(705,18,1,100.000000,0,'1',1,41,38.000000,0.000000,0.000000),
(706,18,1,100.000000,0,'1',1,41,46.000000,0.000000,0.000000),
(707,18,1,100.000000,0,'1',1,41,55.000000,0.000000,0.000000),
(708,18,1,100.000000,0,'1',1,41,64.000000,0.000000,0.000000),
(709,18,1,100.000000,0,'1',1,41,75.000000,0.000000,0.000000),
(710,18,1,100.000000,0,'1',1,41,87.000000,0.000000,0.000000),
(711,18,1,100.000000,0,'1',1,41,100.000000,0.000000,0.000000),
(712,18,1,100.000000,0,'1',1,41,25.000000,0.000000,0.000000),
(713,18,1,100.000000,0,'1',1,41,31.000000,0.000000,0.000000),
(714,18,1,100.000000,0,'1',1,41,38.000000,0.000000,0.000000),
(715,18,1,100.000000,0,'1',1,41,46.000000,0.000000,0.000000),
(716,18,1,100.000000,0,'1',1,41,55.000000,0.000000,0.000000),
(717,18,1,100.000000,0,'1',1,41,64.000000,0.000000,0.000000),
(718,18,1,100.000000,0,'1',1,41,75.000000,0.000000,0.000000),
(719,18,1,100.000000,0,'1',1,41,87.000000,0.000000,0.000000),
(720,18,1,100.000000,0,'1',1,41,100.000000,0.000000,0.000000),
(721,18,1,100.000000,0,'1',1,41,25.000000,0.000000,0.000000),
(722,18,1,100.000000,0,'1',1,41,31.000000,0.000000,0.000000),
(723,18,1,100.000000,0,'1',1,41,38.000000,0.000000,0.000000),
(724,18,1,100.000000,0,'1',1,41,46.000000,0.000000,0.000000),
(725,18,1,100.000000,0,'1',1,41,55.000000,0.000000,0.000000),
(726,18,1,100.000000,0,'1',1,41,64.000000,0.000000,0.000000),
(727,18,1,100.000000,0,'1',1,41,75.000000,0.000000,0.000000),
(728,18,1,100.000000,0,'1',1,41,87.000000,0.000000,0.000000),
(729,18,1,100.000000,0,'1',1,41,100.000000,0.000000,0.000000),
(730,18,1,100.000000,0,'1',1,41,25.000000,0.000000,0.000000),
(731,18,1,100.000000,0,'1',1,41,31.000000,0.000000,0.000000),
(732,18,1,100.000000,0,'1',1,41,38.000000,0.000000,0.000000),
(733,18,1,100.000000,0,'1',1,41,46.000000,0.000000,0.000000),
(734,18,1,100.000000,0,'1',1,41,55.000000,0.000000,0.000000),
(735,18,1,100.000000,0,'1',1,41,64.000000,0.000000,0.000000),
(736,18,1,100.000000,0,'1',1,41,75.000000,0.000000,0.000000),
(737,18,1,100.000000,0,'1',1,41,87.000000,0.000000,0.000000),
(738,18,1,100.000000,0,'1',1,41,100.000000,0.000000,0.000000),
(739,18,1,100.000000,0,'1',1,16,25.000000,0.000000,0.000000),
(740,18,1,100.000000,0,'1',1,16,31.000000,0.000000,0.000000),
(741,18,1,100.000000,0,'1',1,16,38.000000,0.000000,0.000000),
(742,18,1,100.000000,0,'1',1,16,46.000000,0.000000,0.000000),
(743,18,1,100.000000,0,'1',1,16,55.000000,0.000000,0.000000),
(744,18,1,100.000000,0,'1',1,16,64.000000,0.000000,0.000000),
(745,18,1,100.000000,0,'1',1,16,75.000000,0.000000,0.000000),
(746,18,1,100.000000,0,'1',1,16,87.000000,0.000000,0.000000),
(747,18,1,100.000000,0,'1',1,16,100.000000,0.000000,0.000000),
(748,8,1,100.000000,0,'1',1,16,25.000000,0.000000,0.000000),
(749,8,1,100.000000,0,'1',1,16,31.000000,0.000000,0.000000),
(750,8,1,100.000000,0,'1',1,16,38.000000,0.000000,0.000000),
(751,8,1,100.000000,0,'1',1,16,46.000000,0.000000,0.000000),
(752,8,1,100.000000,0,'1',1,16,55.000000,0.000000,0.000000),
(753,8,1,100.000000,0,'1',1,16,64.000000,0.000000,0.000000),
(754,8,1,100.000000,0,'1',1,16,75.000000,0.000000,0.000000),
(755,8,1,100.000000,0,'1',1,16,87.000000,0.000000,0.000000),
(756,8,1,100.000000,0,'1',1,16,100.000000,0.000000,0.000000),
(757,8,1,100.000000,0,'1',1,16,25.000000,0.000000,0.000000),
(758,8,1,100.000000,0,'1',1,16,31.000000,0.000000,0.000000),
(759,8,1,100.000000,0,'1',1,16,38.000000,0.000000,0.000000),
(760,8,1,100.000000,0,'1',1,16,46.000000,0.000000,0.000000),
(761,8,1,100.000000,0,'1',1,16,55.000000,0.000000,0.000000),
(762,8,1,100.000000,0,'1',1,16,64.000000,0.000000,0.000000),
(763,8,1,100.000000,0,'1',1,16,75.000000,0.000000,0.000000),
(764,8,1,100.000000,0,'1',1,16,87.000000,0.000000,0.000000),
(765,8,1,100.000000,0,'1',1,16,100.000000,0.000000,0.000000),
(766,18,1,100.000000,0,'1',1,41,25.000000,0.000000,0.000000),
(767,18,1,100.000000,0,'1',1,41,31.000000,0.000000,0.000000),
(768,18,1,100.000000,0,'1',1,41,38.000000,0.000000,0.000000),
(769,18,1,100.000000,0,'1',1,41,46.000000,0.000000,0.000000),
(770,18,1,100.000000,0,'1',1,41,55.000000,0.000000,0.000000),
(771,18,1,100.000000,0,'1',1,41,64.000000,0.000000,0.000000),
(772,18,1,100.000000,0,'1',1,41,75.000000,0.000000,0.000000),
(773,18,1,100.000000,0,'1',1,41,87.000000,0.000000,0.000000),
(774,18,1,100.000000,0,'1',1,41,100.000000,0.000000,0.000000),
(775,18,1,100.000000,0,'1',1,41,25.000000,0.000000,0.000000),
(776,18,1,100.000000,0,'1',1,41,31.000000,0.000000,0.000000),
(777,18,1,100.000000,0,'1',1,41,38.000000,0.000000,0.000000),
(778,18,1,100.000000,0,'1',1,41,46.000000,0.000000,0.000000),
(779,18,1,100.000000,0,'1',1,41,55.000000,0.000000,0.000000),
(780,18,1,100.000000,0,'1',1,41,64.000000,0.000000,0.000000),
(781,18,1,100.000000,0,'1',1,41,75.000000,0.000000,0.000000),
(782,18,1,100.000000,0,'1',1,41,87.000000,0.000000,0.000000),
(783,18,1,100.000000,0,'1',1,41,100.000000,0.000000,0.000000),
(784,18,1,100.000000,0,'1',1,16,12.500000,0.000000,0.000000),
(785,18,1,100.000000,0,'1',1,16,15.500000,0.000000,0.000000),
(786,18,1,100.000000,0,'1',1,16,19.000000,0.000000,0.000000),
(787,18,1,100.000000,0,'1',1,16,23.000000,0.000000,0.000000),
(788,18,1,100.000000,0,'1',1,16,27.500000,0.000000,0.000000),
(789,18,1,100.000000,0,'1',1,16,32.000000,0.000000,0.000000),
(790,18,1,100.000000,0,'1',1,16,37.500000,0.000000,0.000000),
(791,18,1,100.000000,0,'1',1,16,43.500000,0.000000,0.000000),
(792,18,1,100.000000,0,'1',1,16,50.000000,0.000000,0.000000),
(793,18,1,100.000000,0,'1',1,37,25.000000,0.000000,0.000000),
(794,18,1,100.000000,0,'1',1,37,31.000000,0.000000,0.000000),
(795,18,1,100.000000,0,'1',1,37,38.000000,0.000000,0.000000),
(796,18,1,100.000000,0,'1',1,37,46.000000,0.000000,0.000000),
(797,18,1,100.000000,0,'1',1,37,55.000000,0.000000,0.000000),
(798,18,1,100.000000,0,'1',1,37,64.000000,0.000000,0.000000),
(799,18,1,100.000000,0,'1',1,37,75.000000,0.000000,0.000000),
(800,18,1,100.000000,0,'1',1,37,87.000000,0.000000,0.000000),
(801,18,1,100.000000,0,'1',1,37,100.000000,0.000000,0.000000),
(802,18,1,100.000000,0,'1',1,37,25.000000,0.000000,0.000000),
(803,18,1,100.000000,0,'1',1,37,31.000000,0.000000,0.000000),
(804,18,1,100.000000,0,'1',1,37,38.000000,0.000000,0.000000),
(805,18,1,100.000000,0,'1',1,37,46.000000,0.000000,0.000000),
(806,18,1,100.000000,0,'1',1,37,55.000000,0.000000,0.000000),
(807,18,1,100.000000,0,'1',1,37,64.000000,0.000000,0.000000),
(808,18,1,100.000000,0,'1',1,37,75.000000,0.000000,0.000000),
(809,18,1,100.000000,0,'1',1,37,87.000000,0.000000,0.000000),
(810,18,1,100.000000,0,'1',1,37,100.000000,0.000000,0.000000),
(811,18,0,100.000000,0,'1',1,51,25.000000,0.000000,0.000000),
(812,18,0,100.000000,0,'1',1,51,31.000000,0.000000,0.000000),
(813,18,0,100.000000,0,'1',1,51,38.000000,0.000000,0.000000),
(814,18,0,100.000000,0,'1',1,51,46.000000,0.000000,0.000000),
(815,18,0,100.000000,0,'1',1,51,55.000000,0.000000,0.000000),
(816,18,0,100.000000,0,'1',1,51,64.000000,0.000000,0.000000),
(817,18,0,100.000000,0,'1',1,51,75.000000,0.000000,0.000000),
(818,18,0,100.000000,0,'1',1,51,87.000000,0.000000,0.000000),
(819,18,0,100.000000,0,'1',1,51,100.000000,0.000000,0.000000),
(820,22,1,100.000000,0,'1',1,4,10.000000,0.000000,0.000000),
(821,22,1,100.000000,0,'1',1,4,12.400000,0.000000,0.000000),
(822,22,1,100.000000,0,'1',1,4,15.200000,0.000000,0.000000),
(823,22,1,100.000000,0,'1',1,4,18.400000,0.000000,0.000000),
(824,22,1,100.000000,0,'1',1,4,22.000000,0.000000,0.000000),
(825,22,1,100.000000,0,'1',1,4,25.600000,0.000000,0.000000),
(826,22,1,100.000000,0,'1',1,4,30.000000,0.000000,0.000000),
(827,22,1,100.000000,0,'1',1,4,34.800000,0.000000,0.000000),
(828,22,1,100.000000,0,'1',1,4,40.000000,0.000000,0.000000),
(829,18,0,100.000000,0,'1',1,42,25.000000,0.000000,0.000000),
(830,18,0,100.000000,0,'1',1,42,31.000000,0.000000,0.000000),
(831,18,0,100.000000,0,'1',1,42,38.000000,0.000000,0.000000),
(832,18,0,100.000000,0,'1',1,42,46.000000,0.000000,0.000000),
(833,18,0,100.000000,0,'1',1,42,55.000000,0.000000,0.000000),
(834,18,0,100.000000,0,'1',1,42,64.000000,0.000000,0.000000),
(835,18,0,100.000000,0,'1',1,42,75.000000,0.000000,0.000000),
(836,18,0,100.000000,0,'1',1,42,87.000000,0.000000,0.000000),
(837,18,0,100.000000,0,'1',1,42,100.000000,0.000000,0.000000),
(838,18,8,100.000000,0,'1',1,43,7.500000,0.000000,0.000000),
(839,18,8,100.000000,0,'1',1,43,9.300000,0.000000,0.000000),
(840,18,8,100.000000,0,'1',1,43,11.400000,0.000000,0.000000),
(841,18,8,100.000000,0,'1',1,43,13.800000,0.000000,0.000000),
(842,18,8,100.000000,0,'1',1,43,16.500000,0.000000,0.000000),
(843,18,8,100.000000,0,'1',1,43,19.200000,0.000000,0.000000),
(844,18,8,100.000000,0,'1',1,43,22.500000,0.000000,0.000000),
(845,18,8,100.000000,0,'1',1,43,26.100000,0.000000,0.000000),
(846,18,8,100.000000,0,'1',1,43,30.000000,0.000000,0.000000),
(847,18,8,100.000000,0,'1',1,43,7.500000,0.000000,0.000000),
(848,18,8,100.000000,0,'1',1,43,9.300000,0.000000,0.000000),
(849,18,8,100.000000,0,'1',1,43,11.400000,0.000000,0.000000),
(850,18,8,100.000000,0,'1',1,43,13.800000,0.000000,0.000000),
(851,18,8,100.000000,0,'1',1,43,16.500000,0.000000,0.000000),
(852,18,8,100.000000,0,'1',1,43,19.200000,0.000000,0.000000),
(853,18,8,100.000000,0,'1',1,43,22.500000,0.000000,0.000000),
(854,18,8,100.000000,0,'1',1,43,26.100000,0.000000,0.000000),
(855,18,8,100.000000,0,'1',1,43,30.000000,0.000000,0.000000),
(856,18,2,100.000000,0,'1',2,13,12.500000,0.000000,0.000000),
(857,18,2,100.000000,0,'1',2,13,15.500000,0.000000,0.000000),
(858,18,2,100.000000,0,'1',2,13,19.000000,0.000000,0.000000),
(859,18,2,100.000000,0,'1',2,13,23.000000,0.000000,0.000000),
(860,18,2,100.000000,0,'1',2,13,27.500000,0.000000,0.000000),
(861,18,2,100.000000,0,'1',2,13,32.000000,0.000000,0.000000),
(862,18,2,100.000000,0,'1',2,13,37.500000,0.000000,0.000000),
(863,18,2,100.000000,0,'1',2,13,43.500000,0.000000,0.000000),
(864,18,2,100.000000,0,'1',2,13,50.000000,0.000000,0.000000),
(865,18,1,100.000000,0,'1',2,44,12.500000,0.000000,0.000000),
(866,18,1,100.000000,0,'1',2,44,15.500000,0.000000,0.000000),
(867,18,1,100.000000,0,'1',2,44,19.000000,0.000000,0.000000),
(868,18,1,100.000000,0,'1',2,44,23.000000,0.000000,0.000000),
(869,18,1,100.000000,0,'1',2,44,27.500000,0.000000,0.000000),
(870,18,1,100.000000,0,'1',2,44,32.000000,0.000000,0.000000),
(871,18,1,100.000000,0,'1',2,44,37.500000,0.000000,0.000000),
(872,18,1,100.000000,0,'1',2,44,43.500000,0.000000,0.000000),
(873,18,1,100.000000,0,'1',2,44,50.000000,0.000000,0.000000),
(874,18,1,100.000000,0,'1',2,45,25.000000,0.000000,0.000000),
(875,18,1,100.000000,0,'1',2,45,31.000000,0.000000,0.000000),
(876,18,1,100.000000,0,'1',2,45,38.000000,0.000000,0.000000),
(877,18,1,100.000000,0,'1',2,45,46.000000,0.000000,0.000000),
(878,18,1,100.000000,0,'1',2,45,55.000000,0.000000,0.000000),
(879,18,1,100.000000,0,'1',2,45,64.000000,0.000000,0.000000),
(880,18,1,100.000000,0,'1',2,45,75.000000,0.000000,0.000000),
(881,18,1,100.000000,0,'1',2,45,87.000000,0.000000,0.000000),
(882,18,1,100.000000,0,'1',2,45,100.000000,0.000000,0.000000),
(883,18,1,100.000000,0,'1',1,48,-15.000000,0.000000,0.000000),
(884,18,1,100.000000,0,'1',1,48,-18.600000,0.000000,0.000000),
(885,18,1,100.000000,0,'1',1,48,-22.800000,0.000000,0.000000),
(886,18,1,100.000000,0,'1',1,48,-27.600000,0.000000,0.000000),
(887,18,1,100.000000,0,'1',1,48,-33.000000,0.000000,0.000000),
(888,18,1,100.000000,0,'1',1,48,-38.400000,0.000000,0.000000),
(889,18,1,100.000000,0,'1',1,48,-45.000000,0.000000,0.000000),
(890,18,1,100.000000,0,'1',1,48,-52.200000,0.000000,0.000000),
(891,18,1,100.000000,0,'1',1,48,-60.000000,0.000000,0.000000),
(892,18,1,100.000000,0,'1',1,48,-15.000000,0.000000,0.000000),
(893,18,1,100.000000,0,'1',1,48,-18.600000,0.000000,0.000000),
(894,18,1,100.000000,0,'1',1,48,-22.800000,0.000000,0.000000),
(895,18,1,100.000000,0,'1',1,48,-27.600000,0.000000,0.000000),
(896,18,1,100.000000,0,'1',1,48,-33.000000,0.000000,0.000000),
(897,18,1,100.000000,0,'1',1,48,-38.400000,0.000000,0.000000),
(898,18,1,100.000000,0,'1',1,48,-45.000000,0.000000,0.000000),
(899,18,1,100.000000,0,'1',1,48,-52.200000,0.000000,0.000000),
(900,18,1,100.000000,0,'1',1,48,-60.000000,0.000000,0.000000),
(901,8,0,100.000000,0,'1',0,50,50.000000,0.000000,0.000000),
(902,8,0,100.000000,0,'1',0,50,62.000000,0.000000,0.000000),
(903,8,0,100.000000,0,'1',0,50,76.000000,0.000000,0.000000),
(904,8,0,100.000000,0,'1',0,50,92.000000,0.000000,0.000000),
(905,8,0,100.000000,0,'1',0,50,110.000000,0.000000,0.000000),
(906,8,0,100.000000,0,'1',0,50,128.000000,0.000000,0.000000),
(907,8,0,100.000000,0,'1',0,50,150.000000,0.000000,0.000000),
(908,8,0,100.000000,0,'1',0,50,174.000000,0.000000,0.000000),
(909,8,0,100.000000,0,'1',0,50,200.000000,0.000000,0.000000),
(910,18,1,100.000000,0,'1',2,46,10.000000,25.000000,25.000000),
(911,18,1,100.000000,0,'1',2,46,12.400000,25.000000,31.000000),
(912,18,1,100.000000,0,'1',2,46,15.200000,25.000000,38.000000),
(913,18,1,100.000000,0,'1',2,46,18.400000,25.000000,46.000000),
(914,18,1,100.000000,0,'1',2,46,22.000000,25.000000,55.000000),
(915,18,1,100.000000,0,'1',2,46,25.600000,25.000000,64.000000),
(916,18,1,100.000000,0,'1',2,46,30.000000,25.000000,75.000000),
(917,18,1,100.000000,0,'1',2,46,34.800000,25.000000,87.000000),
(918,18,1,100.000000,0,'1',2,46,40.000000,25.000000,100.000000),
(919,27,0,100.000000,0,'1',0,47,11.250000,0.000000,0.000000),
(920,27,0,100.000000,0,'1',0,47,13.950000,0.000000,0.000000),
(921,27,0,100.000000,0,'1',0,47,17.100000,0.000000,0.000000),
(922,27,0,100.000000,0,'1',0,47,20.700000,0.000000,0.000000),
(923,27,0,100.000000,0,'1',0,47,24.750000,0.000000,0.000000),
(924,27,0,100.000000,0,'1',0,47,28.800000,0.000000,0.000000),
(925,27,0,100.000000,0,'1',0,47,33.750000,0.000000,0.000000),
(926,27,0,100.000000,0,'1',0,47,39.150000,0.000000,0.000000),
(927,27,0,100.000000,0,'1',0,47,45.000000,0.000000,0.000000),
(928,8,0,100.000000,0,'1',0,29,25.000000,0.000000,0.000000),
(929,8,0,100.000000,0,'1',0,29,31.000000,0.000000,0.000000),
(930,8,0,100.000000,0,'1',0,29,38.000000,0.000000,0.000000),
(931,8,0,100.000000,0,'1',0,29,46.000000,0.000000,0.000000),
(932,8,0,100.000000,0,'1',0,29,55.000000,0.000000,0.000000),
(933,8,0,100.000000,0,'1',0,29,64.000000,0.000000,0.000000),
(934,8,0,100.000000,0,'1',0,29,75.000000,0.000000,0.000000),
(935,8,0,100.000000,0,'1',0,29,87.000000,0.000000,0.000000),
(936,8,0,100.000000,0,'1',0,29,100.000000,0.000000,0.000000),
(937,8,0,100.000000,0,'1',0,29,25.000000,0.000000,0.000000),
(938,8,0,100.000000,0,'1',0,29,31.000000,0.000000,0.000000),
(939,8,0,100.000000,0,'1',0,29,38.000000,0.000000,0.000000),
(940,8,0,100.000000,0,'1',0,29,46.000000,0.000000,0.000000),
(941,8,0,100.000000,0,'1',0,29,55.000000,0.000000,0.000000),
(942,8,0,100.000000,0,'1',0,29,64.000000,0.000000,0.000000),
(943,8,0,100.000000,0,'1',0,29,75.000000,0.000000,0.000000),
(944,8,0,100.000000,0,'1',0,29,87.000000,0.000000,0.000000),
(945,8,0,100.000000,0,'1',0,29,100.000000,0.000000,0.000000),
(946,18,0,100.000000,0,'1',0,37,25.000000,0.000000,0.000000),
(947,18,0,100.000000,0,'1',0,37,31.000000,0.000000,0.000000),
(948,18,0,100.000000,0,'1',0,37,38.000000,0.000000,0.000000),
(949,18,0,100.000000,0,'1',0,37,46.000000,0.000000,0.000000),
(950,18,0,100.000000,0,'1',0,37,55.000000,0.000000,0.000000),
(951,18,0,100.000000,0,'1',0,37,64.000000,0.000000,0.000000),
(952,18,0,100.000000,0,'1',0,37,75.000000,0.000000,0.000000),
(953,18,0,100.000000,0,'1',0,37,87.000000,0.000000,0.000000),
(954,18,0,100.000000,0,'1',0,37,100.000000,0.000000,0.000000),
(955,4,1,100.000000,0,'1',1,4,10.000000,0.000000,0.000000),
(956,4,1,100.000000,0,'1',1,4,12.400000,0.000000,0.000000),
(957,4,1,100.000000,0,'1',1,4,15.200000,0.000000,0.000000),
(958,4,1,100.000000,0,'1',1,4,18.400000,0.000000,0.000000),
(959,4,1,100.000000,0,'1',1,4,22.000000,0.000000,0.000000),
(960,4,1,100.000000,0,'1',1,4,25.600000,0.000000,0.000000),
(961,4,1,100.000000,0,'1',1,4,30.000000,0.000000,0.000000),
(962,4,1,100.000000,0,'1',1,4,34.800000,0.000000,0.000000),
(963,4,1,100.000000,0,'1',1,4,40.000000,0.000000,0.000000),
(964,18,0,100.000000,0,'1',1,42,25.000000,0.000000,0.000000),
(965,18,0,100.000000,0,'1',1,42,31.000000,0.000000,0.000000),
(966,18,0,100.000000,0,'1',1,42,38.000000,0.000000,0.000000),
(967,18,0,100.000000,0,'1',1,42,46.000000,0.000000,0.000000),
(968,18,0,100.000000,0,'1',1,42,55.000000,0.000000,0.000000),
(969,18,0,100.000000,0,'1',1,42,64.000000,0.000000,0.000000),
(970,18,0,100.000000,0,'1',1,42,75.000000,0.000000,0.000000),
(971,18,0,100.000000,0,'1',1,42,87.000000,0.000000,0.000000),
(972,18,0,100.000000,0,'1',1,42,100.000000,0.000000,0.000000),
(973,13,0,100.000000,0,'1',1,48,12.500000,0.000000,0.000000),
(974,13,0,100.000000,0,'1',1,48,15.500000,0.000000,0.000000),
(975,13,0,100.000000,0,'1',1,48,19.000000,0.000000,0.000000),
(976,13,0,100.000000,0,'1',1,48,23.000000,0.000000,0.000000),
(977,13,0,100.000000,0,'1',1,48,27.500000,0.000000,0.000000),
(978,13,0,100.000000,0,'1',1,48,32.000000,0.000000,0.000000),
(979,13,0,100.000000,0,'1',1,48,37.500000,0.000000,0.000000),
(980,13,0,100.000000,0,'1',1,48,43.500000,0.000000,0.000000),
(981,13,0,100.000000,0,'1',1,48,50.000000,0.000000,0.000000),
(982,13,0,100.000000,0,'1',1,48,12.500000,0.000000,0.000000),
(983,13,0,100.000000,0,'1',1,48,15.500000,0.000000,0.000000),
(984,13,0,100.000000,0,'1',1,48,19.000000,0.000000,0.000000),
(985,13,0,100.000000,0,'1',1,48,23.000000,0.000000,0.000000),
(986,13,0,100.000000,0,'1',1,48,27.500000,0.000000,0.000000),
(987,13,0,100.000000,0,'1',1,48,32.000000,0.000000,0.000000),
(988,13,0,100.000000,0,'1',1,48,37.500000,0.000000,0.000000),
(989,13,0,100.000000,0,'1',1,48,43.500000,0.000000,0.000000),
(990,13,0,100.000000,0,'1',1,48,50.000000,0.000000,0.000000),
(991,18,1,100.000000,0,'1',1,41,25.000000,0.000000,0.000000),
(992,18,1,100.000000,0,'1',1,41,31.000000,0.000000,0.000000),
(993,18,1,100.000000,0,'1',1,41,38.000000,0.000000,0.000000),
(994,18,1,100.000000,0,'1',1,41,46.000000,0.000000,0.000000),
(995,18,1,100.000000,0,'1',1,41,55.000000,0.000000,0.000000),
(996,18,1,100.000000,0,'1',1,41,64.000000,0.000000,0.000000),
(997,18,1,100.000000,0,'1',1,41,75.000000,0.000000,0.000000),
(998,18,1,100.000000,0,'1',1,41,87.000000,0.000000,0.000000),
(999,18,1,100.000000,0,'1',1,41,100.000000,0.000000,0.000000),
(1000,18,1,100.000000,0,'1',1,41,25.000000,0.000000,0.000000),
(1001,18,1,100.000000,0,'1',1,41,31.000000,0.000000,0.000000),
(1002,18,1,100.000000,0,'1',1,41,38.000000,0.000000,0.000000),
(1003,18,1,100.000000,0,'1',1,41,46.000000,0.000000,0.000000),
(1004,18,1,100.000000,0,'1',1,41,55.000000,0.000000,0.000000),
(1005,18,1,100.000000,0,'1',1,41,64.000000,0.000000,0.000000),
(1006,18,1,100.000000,0,'1',1,41,75.000000,0.000000,0.000000),
(1007,18,1,100.000000,0,'1',1,41,87.000000,0.000000,0.000000),
(1008,18,1,100.000000,0,'1',1,41,100.000000,0.000000,0.000000),
(1009,18,1,100.000000,0,'1',1,16,25.000000,0.000000,0.000000),
(1010,18,1,100.000000,0,'1',1,16,31.000000,0.000000,0.000000),
(1011,18,1,100.000000,0,'1',1,16,38.000000,0.000000,0.000000),
(1012,18,1,100.000000,0,'1',1,16,46.000000,0.000000,0.000000),
(1013,18,1,100.000000,0,'1',1,16,55.000000,0.000000,0.000000),
(1014,18,1,100.000000,0,'1',1,16,64.000000,0.000000,0.000000),
(1015,18,1,100.000000,0,'1',1,16,75.000000,0.000000,0.000000),
(1016,18,1,100.000000,0,'1',1,16,87.000000,0.000000,0.000000),
(1017,18,1,100.000000,0,'1',1,16,100.000000,0.000000,0.000000),
(1018,18,1,100.000000,0,'1',1,41,25.000000,0.000000,0.000000),
(1019,18,1,100.000000,0,'1',1,41,31.000000,0.000000,0.000000),
(1020,18,1,100.000000,0,'1',1,41,38.000000,0.000000,0.000000),
(1021,18,1,100.000000,0,'1',1,41,46.000000,0.000000,0.000000),
(1022,18,1,100.000000,0,'1',1,41,55.000000,0.000000,0.000000),
(1023,18,1,100.000000,0,'1',1,41,64.000000,0.000000,0.000000),
(1024,18,1,100.000000,0,'1',1,41,75.000000,0.000000,0.000000),
(1025,18,1,100.000000,0,'1',1,41,87.000000,0.000000,0.000000),
(1026,18,1,100.000000,0,'1',1,41,100.000000,0.000000,0.000000),
(1027,18,1,100.000000,0,'1',1,16,25.000000,0.000000,0.000000),
(1028,18,1,100.000000,0,'1',1,16,31.000000,0.000000,0.000000),
(1029,18,1,100.000000,0,'1',1,16,38.000000,0.000000,0.000000),
(1030,18,1,100.000000,0,'1',1,16,46.000000,0.000000,0.000000),
(1031,18,1,100.000000,0,'1',1,16,55.000000,0.000000,0.000000),
(1032,18,1,100.000000,0,'1',1,16,64.000000,0.000000,0.000000),
(1033,18,1,100.000000,0,'1',1,16,75.000000,0.000000,0.000000),
(1034,18,1,100.000000,0,'1',1,16,87.000000,0.000000,0.000000),
(1035,18,1,100.000000,0,'1',1,16,100.000000,0.000000,0.000000),
(1036,18,1,100.000000,0,'1',1,16,25.000000,0.000000,0.000000),
(1037,18,1,100.000000,0,'1',1,16,31.000000,0.000000,0.000000),
(1038,18,1,100.000000,0,'1',1,16,38.000000,0.000000,0.000000),
(1039,18,1,100.000000,0,'1',1,16,46.000000,0.000000,0.000000),
(1040,18,1,100.000000,0,'1',1,16,55.000000,0.000000,0.000000),
(1041,18,1,100.000000,0,'1',1,16,64.000000,0.000000,0.000000),
(1042,18,1,100.000000,0,'1',1,16,75.000000,0.000000,0.000000),
(1043,18,1,100.000000,0,'1',1,16,87.000000,0.000000,0.000000),
(1044,18,1,100.000000,0,'1',1,16,100.000000,0.000000,0.000000),
(1045,18,1,100.000000,0,'1',1,16,25.000000,0.000000,0.000000),
(1046,18,1,100.000000,0,'1',1,16,31.000000,0.000000,0.000000),
(1047,18,1,100.000000,0,'1',1,16,38.000000,0.000000,0.000000),
(1048,18,1,100.000000,0,'1',1,16,46.000000,0.000000,0.000000),
(1049,18,1,100.000000,0,'1',1,16,55.000000,0.000000,0.000000),
(1050,18,1,100.000000,0,'1',1,16,64.000000,0.000000,0.000000),
(1051,18,1,100.000000,0,'1',1,16,75.000000,0.000000,0.000000),
(1052,18,1,100.000000,0,'1',1,16,87.000000,0.000000,0.000000),
(1053,18,1,100.000000,0,'1',1,16,100.000000,0.000000,0.000000),
(1054,18,1,100.000000,0,'1',1,16,25.000000,0.000000,0.000000),
(1055,18,1,100.000000,0,'1',1,16,31.000000,0.000000,0.000000),
(1056,18,1,100.000000,0,'1',1,16,38.000000,0.000000,0.000000),
(1057,18,1,100.000000,0,'1',1,16,46.000000,0.000000,0.000000),
(1058,18,1,100.000000,0,'1',1,16,55.000000,0.000000,0.000000),
(1059,18,1,100.000000,0,'1',1,16,64.000000,0.000000,0.000000),
(1060,18,1,100.000000,0,'1',1,16,75.000000,0.000000,0.000000),
(1061,18,1,100.000000,0,'1',1,16,87.000000,0.000000,0.000000),
(1062,18,1,100.000000,0,'1',1,16,100.000000,0.000000,0.000000),
(1063,18,1,100.000000,0,'1',1,16,25.000000,0.000000,0.000000),
(1064,18,1,100.000000,0,'1',1,16,31.000000,0.000000,0.000000),
(1065,18,1,100.000000,0,'1',1,16,38.000000,0.000000,0.000000),
(1066,18,1,100.000000,0,'1',1,16,46.000000,0.000000,0.000000),
(1067,18,1,100.000000,0,'1',1,16,55.000000,0.000000,0.000000),
(1068,18,1,100.000000,0,'1',1,16,64.000000,0.000000,0.000000),
(1069,18,1,100.000000,0,'1',1,16,75.000000,0.000000,0.000000),
(1070,18,1,100.000000,0,'1',1,16,87.000000,0.000000,0.000000),
(1071,18,1,100.000000,0,'1',1,16,100.000000,0.000000,0.000000),
(1072,18,1,100.000000,0,'1',1,41,25.000000,0.000000,0.000000),
(1073,18,1,100.000000,0,'1',1,41,31.000000,0.000000,0.000000),
(1074,18,1,100.000000,0,'1',1,41,38.000000,0.000000,0.000000),
(1075,18,1,100.000000,0,'1',1,41,46.000000,0.000000,0.000000),
(1076,18,1,100.000000,0,'1',1,41,55.000000,0.000000,0.000000),
(1077,18,1,100.000000,0,'1',1,41,64.000000,0.000000,0.000000),
(1078,18,1,100.000000,0,'1',1,41,75.000000,0.000000,0.000000),
(1079,18,1,100.000000,0,'1',1,41,87.000000,0.000000,0.000000),
(1080,18,1,100.000000,0,'1',1,41,100.000000,0.000000,0.000000),
(1081,18,1,100.000000,0,'1',1,41,25.000000,0.000000,0.000000),
(1082,18,1,100.000000,0,'1',1,41,31.000000,0.000000,0.000000),
(1083,18,1,100.000000,0,'1',1,41,38.000000,0.000000,0.000000),
(1084,18,1,100.000000,0,'1',1,41,46.000000,0.000000,0.000000),
(1085,18,1,100.000000,0,'1',1,41,55.000000,0.000000,0.000000),
(1086,18,1,100.000000,0,'1',1,41,64.000000,0.000000,0.000000),
(1087,18,1,100.000000,0,'1',1,41,75.000000,0.000000,0.000000),
(1088,18,1,100.000000,0,'1',1,41,87.000000,0.000000,0.000000),
(1089,18,1,100.000000,0,'1',1,41,100.000000,0.000000,0.000000),
(1090,18,1,100.000000,0,'1',1,16,12.500000,0.000000,0.000000),
(1091,18,1,100.000000,0,'1',1,16,15.500000,0.000000,0.000000),
(1092,18,1,100.000000,0,'1',1,16,19.000000,0.000000,0.000000),
(1093,18,1,100.000000,0,'1',1,16,23.000000,0.000000,0.000000),
(1094,18,1,100.000000,0,'1',1,16,27.500000,0.000000,0.000000),
(1095,18,1,100.000000,0,'1',1,16,32.000000,0.000000,0.000000),
(1096,18,1,100.000000,0,'1',1,16,37.500000,0.000000,0.000000),
(1097,18,1,100.000000,0,'1',1,16,43.500000,0.000000,0.000000),
(1098,18,1,100.000000,0,'1',1,16,50.000000,0.000000,0.000000),
(1099,18,0,100.000000,0,'1',1,51,25.000000,0.000000,0.000000),
(1100,18,0,100.000000,0,'1',1,51,31.000000,0.000000,0.000000),
(1101,18,0,100.000000,0,'1',1,51,38.000000,0.000000,0.000000),
(1102,18,0,100.000000,0,'1',1,51,46.000000,0.000000,0.000000),
(1103,18,0,100.000000,0,'1',1,51,55.000000,0.000000,0.000000),
(1104,18,0,100.000000,0,'1',1,51,64.000000,0.000000,0.000000),
(1105,18,0,100.000000,0,'1',1,51,75.000000,0.000000,0.000000),
(1106,18,0,100.000000,0,'1',1,51,87.000000,0.000000,0.000000),
(1107,18,0,100.000000,0,'1',1,51,100.000000,0.000000,0.000000),
(1108,22,1,100.000000,0,'1',1,4,10.000000,0.000000,0.000000),
(1109,22,1,100.000000,0,'1',1,4,12.400000,0.000000,0.000000),
(1110,22,1,100.000000,0,'1',1,4,15.200000,0.000000,0.000000),
(1111,22,1,100.000000,0,'1',1,4,18.400000,0.000000,0.000000),
(1112,22,1,100.000000,0,'1',1,4,22.000000,0.000000,0.000000),
(1113,22,1,100.000000,0,'1',1,4,25.600000,0.000000,0.000000),
(1114,22,1,100.000000,0,'1',1,4,30.000000,0.000000,0.000000),
(1115,22,1,100.000000,0,'1',1,4,34.800000,0.000000,0.000000),
(1116,22,1,100.000000,0,'1',1,4,40.000000,0.000000,0.000000),
(1117,18,0,100.000000,0,'1',1,42,25.000000,0.000000,0.000000),
(1118,18,0,100.000000,0,'1',1,42,31.000000,0.000000,0.000000),
(1119,18,0,100.000000,0,'1',1,42,38.000000,0.000000,0.000000),
(1120,18,0,100.000000,0,'1',1,42,46.000000,0.000000,0.000000),
(1121,18,0,100.000000,0,'1',1,42,55.000000,0.000000,0.000000),
(1122,18,0,100.000000,0,'1',1,42,64.000000,0.000000,0.000000),
(1123,18,0,100.000000,0,'1',1,42,75.000000,0.000000,0.000000),
(1124,18,0,100.000000,0,'1',1,42,87.000000,0.000000,0.000000),
(1125,18,0,100.000000,0,'1',1,42,100.000000,0.000000,0.000000),
(1126,18,2,100.000000,0,'1',2,13,12.500000,0.000000,0.000000),
(1127,18,2,100.000000,0,'1',2,13,15.500000,0.000000,0.000000),
(1128,18,2,100.000000,0,'1',2,13,19.000000,0.000000,0.000000),
(1129,18,2,100.000000,0,'1',2,13,23.000000,0.000000,0.000000),
(1130,18,2,100.000000,0,'1',2,13,27.500000,0.000000,0.000000),
(1131,18,2,100.000000,0,'1',2,13,32.000000,0.000000,0.000000),
(1132,18,2,100.000000,0,'1',2,13,37.500000,0.000000,0.000000),
(1133,18,2,100.000000,0,'1',2,13,43.500000,0.000000,0.000000),
(1134,18,2,100.000000,0,'1',2,13,50.000000,0.000000,0.000000),
(1135,18,1,100.000000,0,'1',2,44,12.500000,0.000000,0.000000),
(1136,18,1,100.000000,0,'1',2,44,15.500000,0.000000,0.000000),
(1137,18,1,100.000000,0,'1',2,44,19.000000,0.000000,0.000000),
(1138,18,1,100.000000,0,'1',2,44,23.000000,0.000000,0.000000),
(1139,18,1,100.000000,0,'1',2,44,27.500000,0.000000,0.000000),
(1140,18,1,100.000000,0,'1',2,44,32.000000,0.000000,0.000000),
(1141,18,1,100.000000,0,'1',2,44,37.500000,0.000000,0.000000),
(1142,18,1,100.000000,0,'1',2,44,43.500000,0.000000,0.000000),
(1143,18,1,100.000000,0,'1',2,44,50.000000,0.000000,0.000000),
(1144,18,1,100.000000,0,'1',2,45,25.000000,0.000000,0.000000),
(1145,18,1,100.000000,0,'1',2,45,31.000000,0.000000,0.000000),
(1146,18,1,100.000000,0,'1',2,45,38.000000,0.000000,0.000000),
(1147,18,1,100.000000,0,'1',2,45,46.000000,0.000000,0.000000),
(1148,18,1,100.000000,0,'1',2,45,55.000000,0.000000,0.000000),
(1149,18,1,100.000000,0,'1',2,45,64.000000,0.000000,0.000000),
(1150,18,1,100.000000,0,'1',2,45,75.000000,0.000000,0.000000),
(1151,18,1,100.000000,0,'1',2,45,87.000000,0.000000,0.000000),
(1152,18,1,100.000000,0,'1',2,45,100.000000,0.000000,0.000000),
(1153,8,0,100.000000,0,'1',0,50,50.000000,0.000000,0.000000),
(1154,8,0,100.000000,0,'1',0,50,62.000000,0.000000,0.000000),
(1155,8,0,100.000000,0,'1',0,50,76.000000,0.000000,0.000000),
(1156,8,0,100.000000,0,'1',0,50,92.000000,0.000000,0.000000),
(1157,8,0,100.000000,0,'1',0,50,110.000000,0.000000,0.000000),
(1158,8,0,100.000000,0,'1',0,50,128.000000,0.000000,0.000000),
(1159,8,0,100.000000,0,'1',0,50,150.000000,0.000000,0.000000),
(1160,8,0,100.000000,0,'1',0,50,174.000000,0.000000,0.000000),
(1161,8,0,100.000000,0,'1',0,50,200.000000,0.000000,0.000000),
(1162,18,1,100.000000,0,'1',2,46,10.000000,25.000000,25.000000),
(1163,18,1,100.000000,0,'1',2,46,12.400000,25.000000,31.000000),
(1164,18,1,100.000000,0,'1',2,46,15.200000,25.000000,38.000000),
(1165,18,1,100.000000,0,'1',2,46,18.400000,25.000000,46.000000),
(1166,18,1,100.000000,0,'1',2,46,22.000000,25.000000,55.000000),
(1167,18,1,100.000000,0,'1',2,46,25.600000,25.000000,64.000000),
(1168,18,1,100.000000,0,'1',2,46,30.000000,25.000000,75.000000),
(1169,18,1,100.000000,0,'1',2,46,34.800000,25.000000,87.000000),
(1170,18,1,100.000000,0,'1',2,46,40.000000,25.000000,100.000000),
(1171,27,0,100.000000,0,'1',0,47,11.250000,0.000000,0.000000),
(1172,27,0,100.000000,0,'1',0,47,13.950000,0.000000,0.000000),
(1173,27,0,100.000000,0,'1',0,47,17.100000,0.000000,0.000000),
(1174,27,0,100.000000,0,'1',0,47,20.700000,0.000000,0.000000),
(1175,27,0,100.000000,0,'1',0,47,24.750000,0.000000,0.000000),
(1176,27,0,100.000000,0,'1',0,47,28.800000,0.000000,0.000000),
(1177,27,0,100.000000,0,'1',0,47,33.750000,0.000000,0.000000),
(1178,27,0,100.000000,0,'1',0,47,39.150000,0.000000,0.000000),
(1179,27,0,100.000000,0,'1',0,47,45.000000,0.000000,0.000000),
(1180,18,0,100.000000,0,'1',0,37,25.000000,0.000000,0.000000),
(1181,18,0,100.000000,0,'1',0,37,31.000000,0.000000,0.000000),
(1182,18,0,100.000000,0,'1',0,37,38.000000,0.000000,0.000000),
(1183,18,0,100.000000,0,'1',0,37,46.000000,0.000000,0.000000),
(1184,18,0,100.000000,0,'1',0,37,55.000000,0.000000,0.000000),
(1185,18,0,100.000000,0,'1',0,37,64.000000,0.000000,0.000000),
(1186,18,0,100.000000,0,'1',0,37,75.000000,0.000000,0.000000),
(1187,18,0,100.000000,0,'1',0,37,87.000000,0.000000,0.000000),
(1188,18,0,100.000000,0,'1',0,37,100.000000,0.000000,0.000000),
(1189,4,1,100.000000,0,'1',1,4,10.000000,0.000000,0.000000),
(1190,4,1,100.000000,0,'1',1,4,12.400000,0.000000,0.000000),
(1191,4,1,100.000000,0,'1',1,4,15.200000,0.000000,0.000000),
(1192,4,1,100.000000,0,'1',1,4,18.400000,0.000000,0.000000),
(1193,4,1,100.000000,0,'1',1,4,22.000000,0.000000,0.000000),
(1194,4,1,100.000000,0,'1',1,4,25.600000,0.000000,0.000000),
(1195,4,1,100.000000,0,'1',1,4,30.000000,0.000000,0.000000),
(1196,4,1,100.000000,0,'1',1,4,34.800000,0.000000,0.000000),
(1197,4,1,100.000000,0,'1',1,4,40.000000,0.000000,0.000000),
(1198,18,0,100.000000,0,'1',1,42,25.000000,0.000000,0.000000),
(1199,18,0,100.000000,0,'1',1,42,31.000000,0.000000,0.000000),
(1200,18,0,100.000000,0,'1',1,42,38.000000,0.000000,0.000000),
(1201,18,0,100.000000,0,'1',1,42,46.000000,0.000000,0.000000),
(1202,18,0,100.000000,0,'1',1,42,55.000000,0.000000,0.000000),
(1203,18,0,100.000000,0,'1',1,42,64.000000,0.000000,0.000000),
(1204,18,0,100.000000,0,'1',1,42,75.000000,0.000000,0.000000),
(1205,18,0,100.000000,0,'1',1,42,87.000000,0.000000,0.000000),
(1206,18,0,100.000000,0,'1',1,42,100.000000,0.000000,0.000000),
(1207,13,0,100.000000,0,'1',0,49,2.000000,0.000000,0.000000),
(1208,13,0,100.000000,0,'1',0,49,3.000000,0.000000,0.000000),
(1209,13,0,100.000000,0,'1',0,49,4.000000,0.000000,0.000000),
(1210,13,0,100.000000,0,'1',0,49,5.000000,0.000000,0.000000),
(1211,13,0,100.000000,0,'1',0,49,6.000000,0.000000,0.000000),
(1212,13,0,100.000000,0,'1',0,49,7.000000,0.000000,0.000000),
(1213,13,0,100.000000,0,'1',0,49,8.000000,0.000000,0.000000),
(1214,13,0,100.000000,0,'1',0,49,9.000000,0.000000,0.000000),
(1215,13,0,100.000000,0,'1',0,49,10.000000,0.000000,0.000000),
(1216,26,0,100.000000,0,'1',0,6,0.400000,5.000000,0.000000),
(1217,26,0,100.000000,0,'1',0,6,0.600000,5.000000,0.000000),
(1218,26,0,100.000000,0,'1',0,6,0.800000,5.000000,0.000000),
(1219,26,0,100.000000,0,'1',0,6,1.000000,5.000000,0.000000),
(1220,26,0,100.000000,0,'1',0,6,1.200000,5.000000,0.000000),
(1221,26,0,100.000000,0,'1',0,6,1.400000,5.000000,0.000000),
(1222,26,0,100.000000,0,'1',0,6,1.600000,5.000000,0.000000),
(1223,26,0,100.000000,0,'1',0,6,1.800000,5.000000,0.000000),
(1224,26,0,100.000000,0,'1',0,6,2.000000,5.000000,0.000000),
(1225,26,0,100.000000,0,'1',0,13,0.400000,5.000000,0.000000),
(1226,26,0,100.000000,0,'1',0,13,0.600000,5.000000,0.000000),
(1227,26,0,100.000000,0,'1',0,13,0.800000,5.000000,0.000000),
(1228,26,0,100.000000,0,'1',0,13,1.000000,5.000000,0.000000),
(1229,26,0,100.000000,0,'1',0,13,1.200000,5.000000,0.000000),
(1230,26,0,100.000000,0,'1',0,13,1.400000,5.000000,0.000000),
(1231,26,0,100.000000,0,'1',0,13,1.600000,5.000000,0.000000),
(1232,26,0,100.000000,0,'1',0,13,1.800000,5.000000,0.000000),
(1233,26,0,100.000000,0,'1',0,13,2.000000,5.000000,0.000000),
(1234,26,0,100.000000,0,'1',0,49,6.000000,70.000000,1.000000),
(1235,26,0,100.000000,0,'1',0,49,9.000000,70.000000,1.000000),
(1236,26,0,100.000000,0,'1',0,49,12.000000,70.000000,1.000000),
(1237,26,0,100.000000,0,'1',0,49,15.000000,70.000000,1.000000),
(1238,26,0,100.000000,0,'1',0,49,18.000000,70.000000,1.000000),
(1239,26,0,100.000000,0,'1',0,49,21.000000,70.000000,1.000000),
(1240,26,0,100.000000,0,'1',0,49,24.000000,70.000000,1.000000),
(1241,26,0,100.000000,0,'1',0,49,27.000000,70.000000,1.000000),
(1242,26,0,100.000000,0,'1',0,49,30.000000,70.000000,1.000000),
(1243,26,0,100.000000,0,'1',0,6,10.000000,70.000000,1.000000),
(1244,26,0,100.000000,0,'1',0,6,15.000000,70.000000,1.000000),
(1245,26,0,100.000000,0,'1',0,6,20.000000,70.000000,1.000000),
(1246,26,0,100.000000,0,'1',0,6,25.000000,70.000000,1.000000),
(1247,26,0,100.000000,0,'1',0,6,30.000000,70.000000,1.000000),
(1248,26,0,100.000000,0,'1',0,6,35.000000,70.000000,1.000000),
(1249,26,0,100.000000,0,'1',0,6,40.000000,70.000000,1.000000),
(1250,26,0,100.000000,0,'1',0,6,45.000000,70.000000,1.000000),
(1251,26,0,100.000000,0,'1',0,6,50.000000,70.000000,1.000000),
(1252,26,0,100.000000,0,'1',0,13,10.000000,70.000000,1.000000),
(1253,26,0,100.000000,0,'1',0,13,15.000000,70.000000,1.000000),
(1254,26,0,100.000000,0,'1',0,13,20.000000,70.000000,1.000000),
(1255,26,0,100.000000,0,'1',0,13,25.000000,70.000000,1.000000),
(1256,26,0,100.000000,0,'1',0,13,30.000000,70.000000,1.000000),
(1257,26,0,100.000000,0,'1',0,13,35.000000,70.000000,1.000000),
(1258,26,0,100.000000,0,'1',0,13,40.000000,70.000000,1.000000),
(1259,26,0,100.000000,0,'1',0,13,45.000000,70.000000,1.000000),
(1260,26,0,100.000000,0,'1',0,13,50.000000,70.000000,1.000000),
(1261,5,1,10.000000,1,'1',0,53,20.000000,0.000000,0.000000),
(1262,5,1,10.000000,1,'1',0,53,24.800000,0.000000,0.000000),
(1263,5,1,10.000000,1,'1',0,53,30.400000,0.000000,0.000000),
(1264,5,1,10.000000,1,'1',0,53,36.800000,0.000000,0.000000),
(1265,5,1,10.000000,1,'1',0,53,44.000000,0.000000,0.000000),
(1266,5,1,10.000000,1,'1',0,53,51.200000,0.000000,0.000000),
(1267,5,1,10.000000,1,'1',0,53,60.000000,0.000000,0.000000),
(1268,5,1,10.000000,1,'1',0,53,69.600000,0.000000,0.000000),
(1269,5,1,10.000000,1,'1',0,53,80.000000,0.000000,0.000000),
(1270,5,1,10.000000,1,'1',0,53,20.000000,0.000000,0.000000),
(1271,5,1,10.000000,1,'1',0,53,24.800000,0.000000,0.000000),
(1272,5,1,10.000000,1,'1',0,53,30.400000,0.000000,0.000000),
(1273,5,1,10.000000,1,'1',0,53,36.800000,0.000000,0.000000),
(1274,5,1,10.000000,1,'1',0,53,44.000000,0.000000,0.000000),
(1275,5,1,10.000000,1,'1',0,53,51.200000,0.000000,0.000000),
(1276,5,1,10.000000,1,'1',0,53,60.000000,0.000000,0.000000),
(1277,5,1,10.000000,1,'1',0,53,69.600000,0.000000,0.000000),
(1278,5,1,10.000000,1,'1',0,53,80.000000,0.000000,0.000000),
(1279,5,1,10.000000,1,'1',0,52,20.000000,0.000000,0.000000),
(1280,5,1,10.000000,1,'1',0,52,24.800000,0.000000,0.000000),
(1281,5,1,10.000000,1,'1',0,52,30.400000,0.000000,0.000000),
(1282,5,1,10.000000,1,'1',0,52,36.800000,0.000000,0.000000),
(1283,5,1,10.000000,1,'1',0,52,44.000000,0.000000,0.000000),
(1284,5,1,10.000000,1,'1',0,52,51.200000,0.000000,0.000000),
(1285,5,1,10.000000,1,'1',0,52,60.000000,0.000000,0.000000),
(1286,5,1,10.000000,1,'1',0,52,69.600000,0.000000,0.000000),
(1287,5,1,10.000000,1,'1',0,52,80.000000,0.000000,0.000000),
(1288,5,1,10.000000,1,'1',0,52,20.000000,0.000000,0.000000),
(1289,5,1,10.000000,1,'1',0,52,24.800000,0.000000,0.000000),
(1290,5,1,10.000000,1,'1',0,52,30.400000,0.000000,0.000000),
(1291,5,1,10.000000,1,'1',0,52,36.800000,0.000000,0.000000),
(1292,5,1,10.000000,1,'1',0,52,44.000000,0.000000,0.000000),
(1293,5,1,10.000000,1,'1',0,52,51.200000,0.000000,0.000000),
(1294,5,1,10.000000,1,'1',0,52,60.000000,0.000000,0.000000),
(1295,5,1,10.000000,1,'1',0,52,69.600000,0.000000,0.000000),
(1296,5,1,10.000000,1,'1',0,52,80.000000,0.000000,0.000000),
(1297,13,1,100.000000,3,'1',2,54,8.000000,6.000000,1.000000),
(1298,13,1,100.000000,3,'1',2,54,12.000000,9.000000,1.000000),
(1299,13,1,100.000000,3,'1',2,54,16.000000,12.000000,1.000000),
(1300,13,1,100.000000,3,'1',2,54,20.000000,15.000000,1.000000),
(1301,13,1,100.000000,3,'1',2,54,24.000000,18.000000,1.000000),
(1302,13,1,100.000000,3,'1',2,54,28.000000,21.000000,1.000000),
(1303,13,1,100.000000,3,'1',2,54,32.000000,24.000000,1.000000),
(1304,13,1,100.000000,3,'1',2,54,36.000000,27.000000,1.000000),
(1305,13,1,100.000000,3,'1',2,54,40.000000,30.000000,1.000000),
(1306,9,1,100.000000,0,'1',255,55,20.000000,0.040000,0.000000),
(1307,9,1,100.000000,0,'1',255,55,30.000000,0.050000,0.000000),
(1308,9,1,100.000000,0,'1',255,55,40.000000,0.061000,0.000000),
(1309,9,1,100.000000,0,'1',255,55,50.000000,0.074000,0.000000),
(1310,9,1,100.000000,0,'1',255,55,60.000000,0.088000,0.000000),
(1311,9,1,100.000000,0,'1',255,55,70.000000,0.102000,0.000000),
(1312,9,1,100.000000,0,'1',255,55,80.000000,0.120000,0.000000),
(1313,9,1,100.000000,0,'1',255,55,90.000000,0.139000,0.000000),
(1314,9,1,100.000000,0,'1',255,55,100.000000,0.160000,0.000000),
(1315,9,1,100.000000,0,'1',1,19,2.000000,0.000000,0.000000),
(1316,9,1,100.000000,0,'1',1,19,3.000000,0.000000,0.000000),
(1317,9,1,100.000000,0,'1',1,19,4.000000,0.000000,0.000000),
(1318,9,1,100.000000,0,'1',1,19,5.000000,0.000000,0.000000),
(1319,9,1,100.000000,0,'1',1,19,6.000000,0.000000,0.000000),
(1320,9,1,100.000000,0,'1',1,19,8.000000,0.000000,0.000000),
(1321,9,1,100.000000,0,'1',1,19,10.000000,0.000000,0.000000),
(1322,9,1,100.000000,0,'1',1,19,12.000000,0.000000,0.000000),
(1323,9,1,100.000000,0,'1',1,19,15.000000,0.000000,0.000000),
(1324,1,1,100.000000,0,'1',2,3,10.000000,0.000000,0.000000),
(1325,1,1,100.000000,0,'1',2,3,12.300000,0.000000,0.000000),
(1326,1,1,100.000000,0,'1',2,3,15.100000,0.000000,0.000000),
(1327,1,1,100.000000,0,'1',2,3,18.300000,0.000000,0.000000),
(1328,1,1,100.000000,0,'1',2,3,21.800000,0.000000,0.000000),
(1329,1,1,100.000000,0,'1',2,3,25.800000,0.000000,0.000000),
(1330,1,1,100.000000,0,'1',2,3,30.100000,0.000000,0.000000),
(1331,1,1,100.000000,0,'1',2,3,34.900000,0.000000,0.000000),
(1332,1,1,100.000000,0,'1',2,3,40.000000,0.000000,0.000000),
(1333,9,1,100.000000,0,'1',0,56,11.900000,0.000000,0.000000),
(1334,9,1,100.000000,0,'1',0,56,12.200000,0.000000,0.000000),
(1335,9,1,100.000000,0,'1',0,56,12.600000,0.000000,0.000000),
(1336,9,1,100.000000,0,'1',0,56,13.300000,0.000000,0.000000),
(1337,9,1,100.000000,0,'1',0,56,14.200000,0.000000,0.000000),
(1338,9,1,100.000000,0,'1',0,56,15.300000,0.000000,0.000000),
(1339,9,1,100.000000,0,'1',0,56,16.700000,0.000000,0.000000),
(1340,9,1,100.000000,0,'1',0,56,18.900000,0.000000,0.000000),
(1341,9,1,100.000000,0,'1',0,56,22.500000,0.000000,0.000000),
(1342,13,0,40.000000,0,'1',0,19,0.000000,0.000000,0.000000),
(1343,13,0,45.000000,0,'1',0,19,0.000000,0.000000,0.000000),
(1344,13,0,50.000000,0,'1',0,19,0.000000,0.000000,0.000000),
(1345,13,0,55.000000,0,'1',0,19,0.000000,0.000000,0.000000),
(1346,13,0,60.000000,0,'1',0,19,0.000000,0.000000,0.000000),
(1347,13,0,65.000000,0,'1',0,19,0.000000,0.000000,0.000000),
(1348,13,0,70.000000,0,'1',0,19,0.000000,0.000000,0.000000),
(1349,13,0,75.000000,0,'1',0,19,0.000000,0.000000,0.000000),
(1350,13,0,80.000000,0,'1',0,19,0.000000,0.000000,0.000000);
