INSERT INTO `skills` VALUES
(101,'天雷诀',1,0.000000,0,0,'1',0,0,1),
(201,'玉清针',1,1.000000,0,2,'1,0.8,0.6,0.4,0.2',0,0,2),
(301,'回春术',0,0.000000,0,0,'1',0,3,3),
(401,'心剑',1,0.000000,50,0,'1',2,3,4),
(501,'贝叶灵符',0,5.000000,80,0,'1',0,5,5),
(601,'牟尼珠加血',0,2.000000,1,1,'1,0.8,0.6,0.4,0.2',0,5,6),
(701,'摄心铃',1,3.000000,0,0,'1',1,5,7),
(801,'荆棘心法',1,4.000000,1,0,'1',0,0,8),
(901,'法术反射',1,6.000000,90,1,'1',0,3,9),
(1001,'雪魂珠_阴',1,7.000000,100,0,'1',1,0,10),
(1101,'雪魂珠_阳',0,7.000000,1,1,'1',1,0,11),
(1201,'信春哥',2,8.000000,1,0,'1',1,99,12);
