INSERT INTO `skill_ev` VALUES
(0,1,1,85),
(1,2,2,85),
(2,4,3,85),
(3,6,4,85),
(4,8,5,85),
(5,10,6,85),
(6,12,7,85),
(7,14,8,85),
(8,17,9,85),
(9,20,10,85),
(10,23,11,85),
(11,26,12,85),
(12,30,13,85),
(13,34,14,85),
(14,38,15,85),
(15,42,16,85),
(16,46,17,85),
(17,50,18,85),
(18,55,19,85),
(19,60,20,85),
(20,65,22,90),
(21,70,24,90),
(22,76,78,90),
(23,82,84,90),
(24,88,90,90),
(25,94,96,90),
(26,100,102,90),
(27,106,108,90),
(28,113,114,90),
(29,120,120,90),
(30,127,126,90),
(31,134,132,90),
(32,142,138,90),
(33,150,144,90),
(34,158,150,90),
(35,166,162,90),
(36,174,174,90),
(37,182,186,90),
(38,191,198,90),
(39,200,210,90),
(40,209,222,95),
(41,218,234,95),
(42,228,410,95),
(43,238,430,95),
(44,248,450,95),
(45,258,470,95),
(46,268,490,95),
(47,278,510,95),
(48,289,530,95),
(49,300,550,95),
(50,311,580,95),
(51,322,610,95),
(52,334,640,95),
(53,346,670,95),
(54,358,700,95),
(55,370,730,95),
(56,382,760,95),
(57,394,790,95),
(58,407,820,95),
(59,420,850,95),
(60,433,880,100),
(61,446,910,100),
(62,460,1316,100),
(63,474,1358,100),
(64,488,1400,100),
(65,502,1456,100),
(66,516,1512,100),
(67,530,1568,100),
(68,545,1624,100),
(69,560,1680,100),
(70,575,1736,100),
(71,590,1792,100),
(72,606,1848,100),
(73,622,1904,100),
(74,638,1960,100),
(75,654,2016,100),
(76,670,2072,100),
(77,686,2128,100),
(78,703,2184,100),
(79,720,2240,100),
(80,737,2296,105);
