INSERT INTO `soul_skill_template` VALUES
(1,'增幅术I',1,8565,0.030000),
(1,'增幅术II',2,8566,0.060000),
(1,'增幅术III',3,8567,0.100000),
(1,'增幅术IV',4,8568,0.200000),
(1,'增幅术V',5,8569,0.350000),
(2,'力量之术I',1,8525,0.050000),
(2,'力量之术II',2,8526,0.100000),
(2,'力量之术III',3,8527,0.200000),
(2,'力量之术IV',4,8528,0.350000),
(2,'力量之术V',5,8529,0.550000),
(3,'智力之术I',1,8530,0.050000),
(3,'智力之术II',2,8531,0.100000),
(3,'智力之术III',3,8532,0.200000),
(3,'智力之术IV',4,8533,0.350000),
(3,'智力之术V',5,8534,0.550000),
(4,'耐力之术I',1,8535,0.050000),
(4,'耐力之术II',2,8536,0.100000),
(4,'耐力之术III',3,8537,0.200000),
(4,'耐力之术IV',4,8538,0.350000),
(4,'耐力之术V',5,8539,0.550000),
(5,'敏捷之术I',1,8540,0.050000),
(5,'敏捷之术II',2,8541,0.100000),
(5,'敏捷之术III',3,8542,0.200000),
(5,'敏捷之术IV',4,8543,0.350000),
(5,'敏捷之术V',5,8544,0.550000),
(6,'意志之术I',1,8545,0.050000),
(6,'意志之术II',2,8546,0.100000),
(6,'意志之术III',3,8547,0.200000),
(6,'意志之术IV',4,8548,0.350000),
(6,'意志之术V',5,8549,0.550000),
(7,'坚韧术I',1,8560,0.050000),
(7,'坚韧术II',2,8561,0.100000),
(7,'坚韧术III',3,8562,0.200000),
(7,'坚韧术IV',4,8563,0.350000),
(7,'坚韧术V',5,8564,0.550000),
(8,'伐脉术I',1,8500,1.000000),
(8,'伐脉术II',2,8501,2.000000),
(8,'伐脉术III',3,8502,3.000000),
(8,'伐脉术IV',4,8503,4.000000),
(8,'伐脉术V',5,8504,5.000000),
(9,'吐纳术I',1,8505,0.050000),
(9,'吐纳术II',2,8506,0.120000),
(9,'吐纳术III',3,8507,0.200000),
(9,'吐纳术IV',4,8508,0.300000),
(9,'吐纳术V',5,8509,0.450000),
(10,'御灵术I',1,8510,2.000000),
(10,'御灵术II',2,8511,4.000000),
(10,'御灵术III',3,8512,6.000000),
(10,'御灵术IV',4,8513,8.000000),
(10,'御灵术V',5,8514,10.000000),
(11,'通灵术I',1,8515,5.000000),
(11,'通灵术II',2,8516,10.000000),
(11,'通灵术III',3,8517,15.000000),
(11,'通灵术IV',4,8518,20.000000),
(11,'通灵术V',5,8519,25.000000),
(12,'天赋术I',1,8555,0.030000),
(12,'天赋术II',2,8556,0.060000),
(12,'天赋术III',3,8557,0.100000),
(12,'天赋术IV',4,8558,0.150000),
(12,'天赋术V',5,8559,0.210000);
