INSERT INTO `soul_lvl_exp` VALUES
(1,200,240),
(2,500,320),
(3,1000,400),
(4,3000,480),
(5,6000,560),
(6,10000,640),
(7,15000,720),
(8,21000,800),
(9,28000,880),
(10,0,960),
(11,0,1040),
(12,0,1120),
(13,0,1200),
(14,0,1280),
(15,0,1360),
(16,0,1440),
(17,0,1520),
(18,0,1600),
(19,0,1680),
(20,0,1760),
(21,0,1840),
(22,0,1920),
(23,0,2000),
(24,0,2080),
(25,0,2160),
(26,0,2240),
(27,0,2320),
(28,0,2400),
(29,0,2480),
(30,0,2560),
(31,0,2640),
(32,0,2720),
(33,0,4520),
(34,0,6120),
(35,0,7720),
(36,0,9320),
(37,0,12520),
(38,0,15720),
(39,0,18920),
(40,0,22120),
(41,0,25320),
(42,0,31720),
(43,0,38120),
(44,0,44520),
(45,0,50920),
(46,0,57320),
(47,0,70120),
(48,0,82920),
(49,0,95720),
(50,0,108520),
(51,0,121320),
(52,0,146920),
(53,0,172520),
(54,0,198120),
(55,0,236520),
(56,0,274920),
(57,0,313320),
(58,0,364520),
(59,0,415720),
(60,0,466920),
(61,0,518120),
(62,0,569320),
(63,0,620520),
(64,0,671720),
(65,0,722920),
(66,0,774120),
(67,0,825320),
(68,0,876520),
(69,0,927720),
(70,0,978920),
(71,0,1030120),
(72,0,1081320),
(73,0,1132520),
(74,0,1183720),
(75,0,1234920),
(76,0,1286120),
(77,0,1337320),
(78,0,1388520),
(79,0,1439720),
(80,0,1490920),
(81,0,1542120),
(82,0,1593320),
(83,0,1644520),
(84,0,1695720),
(85,0,1746920),
(86,0,1798120),
(87,0,1849320),
(88,0,1900520),
(89,0,1951720),
(90,0,2002920),
(91,0,2054120),
(92,0,2105320),
(93,0,2156520),
(94,0,2207720),
(95,0,2258920),
(96,0,2310120),
(97,0,2361320),
(98,0,2412520),
(99,0,2463720),
(100,0,2514920),
(101,0,2566160),
(102,0,2617440),
(103,0,2668760),
(104,0,2720120),
(105,0,2771520),
(106,0,2822960),
(107,0,2874440),
(108,0,2925960),
(109,0,2977520),
(110,0,3029120),
(111,0,3080760),
(112,0,3132440),
(113,0,3184160),
(114,0,3235920),
(115,0,3287720),
(116,0,3339560),
(117,0,3391440),
(118,0,3443360),
(119,0,3495320),
(120,0,3500000),
(121,0,3500000),
(122,0,3500000),
(123,0,3500000),
(124,0,3500000),
(125,0,3500000),
(126,0,3500000),
(127,0,3500000),
(128,0,3500000),
(129,0,3500000),
(130,0,3500000),
(131,0,3500000),
(132,0,3500000),
(133,0,3500000),
(134,0,3500000),
(135,0,3500000),
(136,0,3500000),
(137,0,3500000),
(138,0,3500000),
(139,0,3500000),
(140,0,3500000);
