INSERT INTO `soul_item_exp` VALUES
(8000,30),
(8001,5),
(8002,10),
(8003,15),
(8004,20),
(8005,10),
(8006,15),
(8007,20),
(8008,25),
(8009,15),
(8010,20),
(8011,25),
(8012,30),
(8013,20),
(8014,25),
(8015,30),
(8016,40),
(8017,5),
(8018,10),
(8019,15),
(8020,20),
(8021,10),
(8022,15),
(8023,20),
(8024,25),
(8025,15),
(8026,20),
(8027,25),
(8028,30),
(8029,20),
(8030,25),
(8031,30),
(8032,35),
(8033,25),
(8034,30),
(8035,35),
(8036,40),
(8037,30),
(8038,35),
(8039,40),
(8040,45),
(8041,35),
(8042,40),
(8043,45),
(8044,50),
(8045,40),
(8046,45),
(8047,50),
(8048,55),
(8049,45),
(8050,50),
(8051,55),
(8052,60);
