INSERT INTO `spirit_attr` VALUES
(1,1.000000,1.000000,1.000000,1.000000,1.000000,1.000000,0.100000,1.000000),
(2,2.000000,3.000000,2.000000,2.000000,2.000000,2.000000,0.200000,2.000000),
(3,3.000000,5.000000,3.000000,3.000000,3.000000,3.000000,0.300000,3.000000),
(4,4.000000,7.000000,4.000000,4.000000,4.000000,4.000000,0.400000,4.000000),
(5,5.000000,10.000000,5.000000,5.000000,5.000000,5.000000,0.500000,5.000000),
(6,6.000000,13.000000,6.000000,6.000000,6.000000,6.000000,0.600000,7.000000),
(7,7.000000,16.000000,7.000000,7.000000,7.000000,7.000000,0.700000,9.000000),
(8,8.000000,20.000000,8.000000,8.000000,8.000000,8.000000,0.800000,11.000000),
(9,9.000000,24.000000,9.000000,9.000000,9.000000,9.000000,0.900000,13.000000),
(10,10.000000,28.000000,10.000000,10.000000,10.000000,10.000000,1.000000,15.000000),
(11,11.000000,33.000000,11.000000,11.000000,11.000000,11.000000,1.100000,18.000000),
(12,12.000000,38.000000,12.000000,12.000000,12.000000,12.000000,1.200000,21.000000),
(13,13.000000,44.000000,13.000000,13.000000,13.000000,13.000000,1.300000,25.000000),
(14,14.000000,50.000000,14.000000,14.000000,14.000000,14.000000,1.400000,29.000000),
(15,15.000000,56.000000,15.000000,15.000000,15.000000,15.000000,1.500000,33.000000),
(16,16.000000,63.000000,16.000000,16.000000,16.000000,16.000000,1.600000,37.000000),
(17,17.000000,70.000000,17.000000,17.000000,17.000000,17.000000,1.700000,42.000000),
(18,18.000000,78.000000,18.000000,18.000000,18.000000,18.000000,1.800000,47.000000),
(19,19.000000,86.000000,19.000000,19.000000,19.000000,19.000000,1.900000,52.000000),
(20,20.000000,95.000000,20.000000,20.000000,20.000000,20.000000,2.000000,57.000000),
(21,21.000000,104.000000,21.000000,21.000000,21.000000,21.000000,2.100000,63.000000),
(22,22.000000,113.000000,22.000000,22.000000,22.000000,22.000000,2.200000,69.000000),
(23,23.000000,123.000000,23.000000,23.000000,23.000000,23.000000,2.300000,75.000000),
(24,24.000000,133.000000,24.000000,24.000000,24.000000,24.000000,2.400000,82.000000),
(25,25.000000,143.000000,25.000000,25.000000,25.000000,25.000000,2.500000,89.000000),
(26,26.000000,154.000000,26.000000,26.000000,26.000000,26.000000,2.600000,96.000000),
(27,27.000000,165.000000,27.000000,27.000000,27.000000,27.000000,2.700000,103.000000),
(28,28.000000,176.000000,28.000000,28.000000,28.000000,28.000000,2.800000,111.000000),
(29,29.000000,188.000000,29.000000,29.000000,29.000000,29.000000,2.900000,119.000000),
(30,31.000000,200.000000,30.000000,30.000000,30.000000,30.000000,3.000000,127.000000),
(31,33.000000,213.000000,31.000000,31.000000,31.000000,31.000000,3.100000,136.000000),
(32,35.000000,226.000000,32.000000,32.000000,32.000000,32.000000,3.200000,145.000000),
(33,37.000000,239.000000,33.000000,33.000000,33.000000,33.000000,3.300000,154.000000),
(34,39.000000,253.000000,34.000000,34.000000,34.000000,34.000000,3.400000,163.000000),
(35,41.000000,267.000000,35.000000,35.000000,35.000000,35.000000,3.500000,173.000000),
(36,43.000000,281.000000,36.000000,36.000000,36.000000,36.000000,3.600000,183.000000),
(37,45.000000,295.000000,37.000000,37.000000,37.000000,37.000000,3.700000,193.000000),
(38,47.000000,310.000000,38.000000,38.000000,38.000000,38.000000,3.800000,203.000000),
(39,49.000000,325.000000,39.000000,39.000000,39.000000,39.000000,3.900000,214.000000),
(40,51.000000,340.000000,40.000000,40.000000,40.000000,40.000000,4.000000,225.000000),
(41,53.000000,356.000000,41.000000,41.000000,41.000000,41.000000,4.100000,237.000000),
(42,55.000000,372.000000,42.000000,42.000000,42.000000,42.000000,4.200000,249.000000),
(43,57.000000,389.000000,43.000000,43.000000,43.000000,43.000000,4.300000,261.000000),
(44,59.000000,406.000000,44.000000,44.000000,44.000000,44.000000,4.400000,273.000000),
(45,61.000000,423.000000,45.000000,45.000000,45.000000,45.000000,4.500000,285.000000),
(46,63.000000,441.000000,46.000000,46.000000,46.000000,46.000000,4.600000,298.000000),
(47,65.000000,459.000000,47.000000,47.000000,47.000000,47.000000,4.700000,311.000000),
(48,67.000000,478.000000,48.000000,48.000000,48.000000,48.000000,4.800000,324.000000),
(49,69.000000,497.000000,49.000000,49.000000,49.000000,49.000000,4.900000,337.000000),
(50,71.000000,516.000000,50.000000,50.000000,50.000000,50.000000,5.000000,350.000000),
(51,74.000000,536.000000,51.000000,51.000000,51.000000,51.000000,5.200000,364.000000),
(52,77.000000,556.000000,52.000000,52.000000,52.000000,52.000000,5.400000,378.000000),
(53,80.000000,576.000000,53.000000,53.000000,53.000000,53.000000,5.600000,392.000000),
(54,83.000000,597.000000,54.000000,54.000000,54.000000,54.000000,5.800000,407.000000),
(55,86.000000,618.000000,55.000000,55.000000,55.000000,55.000000,6.000000,422.000000),
(56,89.000000,640.000000,56.000000,56.000000,56.000000,56.000000,6.200000,437.000000),
(57,92.000000,662.000000,57.000000,57.000000,57.000000,57.000000,6.400000,453.000000),
(58,95.000000,684.000000,58.000000,58.000000,58.000000,58.000000,6.600000,469.000000),
(59,98.000000,707.000000,59.000000,59.000000,59.000000,59.000000,6.800000,485.000000),
(60,101.000000,730.000000,60.000000,60.000000,60.000000,60.000000,7.000000,501.000000),
(61,104.000000,754.000000,61.000000,61.000000,61.000000,61.000000,7.200000,518.000000),
(62,107.000000,778.000000,62.000000,62.000000,62.000000,62.000000,7.400000,535.000000),
(63,110.000000,802.000000,63.000000,63.000000,63.000000,63.000000,7.600000,552.000000),
(64,113.000000,827.000000,64.000000,64.000000,64.000000,64.000000,7.800000,569.000000),
(65,116.000000,852.000000,65.000000,65.000000,65.000000,65.000000,8.000000,587.000000),
(66,119.000000,877.000000,66.000000,66.000000,66.000000,66.000000,8.200000,605.000000),
(67,122.000000,903.000000,67.000000,67.000000,67.000000,67.000000,8.400000,623.000000),
(68,125.000000,929.000000,68.000000,68.000000,68.000000,68.000000,8.600000,642.000000),
(69,128.000000,956.000000,69.000000,69.000000,69.000000,69.000000,8.800000,661.000000),
(70,131.000000,983.000000,70.000000,70.000000,70.000000,70.000000,9.000000,680.000000),
(71,135.000000,1011.000000,71.000000,71.000000,71.000000,71.000000,9.300000,700.000000),
(72,139.000000,1039.000000,72.000000,72.000000,72.000000,72.000000,9.600000,720.000000),
(73,143.000000,1067.000000,73.000000,73.000000,73.000000,73.000000,9.900000,740.000000),
(74,147.000000,1095.000000,74.000000,74.000000,74.000000,74.000000,10.200000,760.000000),
(75,151.000000,1124.000000,75.000000,75.000000,75.000000,75.000000,10.500000,780.000000),
(76,155.000000,1153.000000,76.000000,76.000000,76.000000,76.000000,10.800000,801.000000),
(77,159.000000,1183.000000,77.000000,77.000000,77.000000,77.000000,11.100000,822.000000),
(78,163.000000,1213.000000,78.000000,78.000000,78.000000,78.000000,11.400000,843.000000),
(79,167.000000,1243.000000,79.000000,79.000000,79.000000,79.000000,11.700000,864.000000),
(80,171.000000,1274.000000,80.000000,80.000000,80.000000,80.000000,12.000000,885.000000),
(81,175.000000,1306.000000,81.000000,81.000000,81.000000,81.000000,12.300000,907.000000),
(82,179.000000,1338.000000,82.000000,82.000000,82.000000,82.000000,12.600000,929.000000),
(83,183.000000,1370.000000,83.000000,83.000000,83.000000,83.000000,12.900000,952.000000),
(84,187.000000,1402.000000,84.000000,84.000000,84.000000,84.000000,13.200000,975.000000),
(85,191.000000,1435.000000,85.000000,85.000000,85.000000,85.000000,13.500000,998.000000),
(86,195.000000,1468.000000,86.000000,86.000000,86.000000,86.000000,13.800000,1021.000000),
(87,199.000000,1501.000000,87.000000,87.000000,87.000000,87.000000,14.100000,1045.000000),
(88,203.000000,1535.000000,88.000000,88.000000,88.000000,88.000000,14.400000,1069.000000),
(89,207.000000,1569.000000,89.000000,89.000000,89.000000,89.000000,14.700000,1093.000000),
(90,211.000000,1604.000000,90.000000,90.000000,90.000000,90.000000,15.000000,1117.000000),
(91,216.000000,1640.000000,91.000000,91.000000,92.000000,91.000000,15.400000,1142.000000),
(92,221.000000,1676.000000,92.000000,92.000000,94.000000,92.000000,15.800000,1167.000000),
(93,226.000000,1712.000000,93.000000,93.000000,96.000000,93.000000,16.200000,1192.000000),
(94,231.000000,1748.000000,94.000000,94.000000,98.000000,94.000000,16.600000,1218.000000),
(95,236.000000,1784.000000,95.000000,95.000000,100.000000,95.000000,17.000000,1244.000000),
(96,241.000000,1821.000000,96.000000,96.000000,102.000000,96.000000,17.400000,1270.000000),
(97,246.000000,1858.000000,97.000000,97.000000,104.000000,97.000000,17.800000,1296.000000),
(98,251.000000,1895.000000,98.000000,98.000000,106.000000,98.000000,18.200000,1322.000000),
(99,256.000000,1933.000000,99.000000,99.000000,108.000000,99.000000,18.600000,1349.000000),
(100,261.000000,1971.000000,100.000000,100.000000,110.000000,100.000000,19.000000,1376.000000);
