INSERT INTO `team_copy` VALUES
(1,0,776,'5572,5578,5581'),
(2,0,2067,'5584,5588,5592,5598'),
(3,0,5906,'5601,5605,5608,5611'),
(4,0,8198,'5614,5617,5621,5624'),
(5,0,12818,'5683,5686,5689,5692,5695'),
(6,0,10512,'6205,6209,6212,6215,6218'),
(7,0,5137,'9503,9507,9511,9515'),
(8,0,9991,'6246,6251,6256,6261,6266'),
(9,0,10506,'6271,6276,6281,6286'),
(10,0,4871,'6336,6341,6346,6351'),
(1,1,776,'5626,5632,5635'),
(2,1,2067,'5638,5642,5646,5652'),
(3,1,5906,'5655,5659,5662,5665'),
(4,1,8198,'5668,5671,5675,5678'),
(5,1,12818,'5698,5701,5704,5707,5710'),
(6,1,10512,'6221,6225,6228,6231,6234'),
(7,1,5137,'9519,9523,9527,9531'),
(8,1,9991,'6291,6296,6301,6306,6311'),
(9,1,10506,'6316,6321,6326,6331'),
(10,1,4871,'6356,6361,6366,6371');
