INSERT INTO `team_arena_skill` VALUES
(1,1,20000,1,80.000000,0.000000,0.000000,0.000000,0.000000,0.000000),
(1,2,30000,2,160.000000,0.000000,0.000000,0.000000,0.000000,0.000000),
(1,3,40000,3,240.000000,0.000000,0.000000,0.000000,0.000000,0.000000),
(1,4,50000,4,320.000000,0.000000,0.000000,0.000000,0.000000,0.000000),
(1,5,60000,5,400.000000,0.000000,0.000000,0.000000,0.000000,0.000000),
(1,6,70000,6,480.000000,0.000000,0.000000,0.000000,0.000000,0.000000),
(1,7,80000,7,560.000000,0.000000,0.000000,0.000000,0.000000,0.000000),
(1,8,90000,8,640.000000,0.000000,0.000000,0.000000,0.000000,0.000000),
(1,9,100000,9,720.000000,0.000000,0.000000,0.000000,0.000000,0.000000),
(1,10,110000,10,800.000000,0.000000,0.000000,0.000000,0.000000,0.000000),
(2,1,20000,1,0.000000,300.000000,0.000000,0.000000,0.000000,0.000000),
(2,2,30000,2,0.000000,600.000000,0.000000,0.000000,0.000000,0.000000),
(2,3,40000,3,0.000000,900.000000,0.000000,0.000000,0.000000,0.000000),
(2,4,50000,4,0.000000,1200.000000,0.000000,0.000000,0.000000,0.000000),
(2,5,60000,5,0.000000,1500.000000,0.000000,0.000000,0.000000,0.000000),
(2,6,70000,6,0.000000,1800.000000,0.000000,0.000000,0.000000,0.000000),
(2,7,80000,7,0.000000,2100.000000,0.000000,0.000000,0.000000,0.000000),
(2,8,90000,8,0.000000,2400.000000,0.000000,0.000000,0.000000,0.000000),
(2,9,100000,9,0.000000,2700.000000,0.000000,0.000000,0.000000,0.000000),
(2,10,110000,10,0.000000,3000.000000,0.000000,0.000000,0.000000,0.000000),
(3,1,20000,1,0.000000,0.000000,160.000000,0.000000,0.000000,0.000000),
(3,2,30000,2,0.000000,0.000000,320.000000,0.000000,0.000000,0.000000),
(3,3,40000,3,0.000000,0.000000,480.000000,0.000000,0.000000,0.000000),
(3,4,50000,4,0.000000,0.000000,640.000000,0.000000,0.000000,0.000000),
(3,5,60000,5,0.000000,0.000000,800.000000,0.000000,0.000000,0.000000),
(3,6,70000,6,0.000000,0.000000,960.000000,0.000000,0.000000,0.000000),
(3,7,80000,7,0.000000,0.000000,1120.000000,0.000000,0.000000,0.000000),
(3,8,90000,8,0.000000,0.000000,1280.000000,0.000000,0.000000,0.000000),
(3,9,100000,9,0.000000,0.000000,1440.000000,0.000000,0.000000,0.000000),
(3,10,110000,10,0.000000,0.000000,1600.000000,0.000000,0.000000,0.000000),
(4,1,20000,1,0.000000,0.000000,0.000000,160.000000,0.000000,0.000000),
(4,2,30000,2,0.000000,0.000000,0.000000,320.000000,0.000000,0.000000),
(4,3,40000,3,0.000000,0.000000,0.000000,480.000000,0.000000,0.000000),
(4,4,50000,4,0.000000,0.000000,0.000000,640.000000,0.000000,0.000000),
(4,5,60000,5,0.000000,0.000000,0.000000,800.000000,0.000000,0.000000),
(4,6,70000,6,0.000000,0.000000,0.000000,960.000000,0.000000,0.000000),
(4,7,80000,7,0.000000,0.000000,0.000000,1120.000000,0.000000,0.000000),
(4,8,90000,8,0.000000,0.000000,0.000000,1280.000000,0.000000,0.000000),
(4,9,100000,9,0.000000,0.000000,0.000000,1440.000000,0.000000,0.000000),
(4,10,110000,10,0.000000,0.000000,0.000000,1600.000000,0.000000,0.000000),
(5,1,20000,1,0.000000,0.000000,0.000000,0.000000,50.000000,0.000000),
(5,2,30000,2,0.000000,0.000000,0.000000,0.000000,100.000000,0.000000),
(5,3,40000,3,0.000000,0.000000,0.000000,0.000000,150.000000,0.000000),
(5,4,50000,4,0.000000,0.000000,0.000000,0.000000,200.000000,0.000000),
(5,5,60000,5,0.000000,0.000000,0.000000,0.000000,250.000000,0.000000),
(5,6,70000,6,0.000000,0.000000,0.000000,0.000000,300.000000,0.000000),
(5,7,80000,7,0.000000,0.000000,0.000000,0.000000,350.000000,0.000000),
(5,8,90000,8,0.000000,0.000000,0.000000,0.000000,400.000000,0.000000),
(5,9,100000,9,0.000000,0.000000,0.000000,0.000000,450.000000,0.000000),
(5,10,110000,10,0.000000,0.000000,0.000000,0.000000,500.000000,0.000000),
(6,1,20000,1,0.000000,0.000000,0.000000,0.000000,0.000000,0.005000),
(6,2,30000,2,0.000000,0.000000,0.000000,0.000000,0.000000,0.010000),
(6,3,40000,3,0.000000,0.000000,0.000000,0.000000,0.000000,0.015000),
(6,4,50000,4,0.000000,0.000000,0.000000,0.000000,0.000000,0.020000),
(6,5,60000,5,0.000000,0.000000,0.000000,0.000000,0.000000,0.025000),
(6,6,70000,6,0.000000,0.000000,0.000000,0.000000,0.000000,0.030000),
(6,7,80000,7,0.000000,0.000000,0.000000,0.000000,0.000000,0.035000),
(6,8,90000,8,0.000000,0.000000,0.000000,0.000000,0.000000,0.040000),
(6,9,100000,9,0.000000,0.000000,0.000000,0.000000,0.000000,0.045000),
(6,10,110000,10,0.000000,0.000000,0.000000,0.000000,0.000000,0.050000);
