INSERT INTO `team_arena_inspire` VALUES
(0,0,0,0.000000,0.000000,0.000000,0.000000),
(1,10,10000,0.010000,0.010000,0.010000,0.010000),
(2,10,9000,0.020000,0.020000,0.020000,0.020000),
(3,20,8000,0.030000,0.030000,0.030000,0.030000),
(4,20,7000,0.040000,0.040000,0.040000,0.040000),
(5,30,6000,0.050000,0.050000,0.050000,0.050000),
(6,30,5000,0.060000,0.060000,0.060000,0.060000),
(7,40,4000,0.070000,0.070000,0.070000,0.070000),
(8,40,3000,0.080000,0.080000,0.080000,0.080000),
(9,50,500,0.090000,0.090000,0.090000,0.090000),
(10,50,100,0.100000,0.100000,0.100000,0.100000);
