INSERT INTO `towndeamon_monster` VALUES
(1,5711,7101,1),
(2,5713,7401,1),
(3,5715,7701,1),
(4,5717,7101,1),
(5,5719,7401,1),
(6,5721,7501,1),
(7,5723,7201,1),
(8,5725,7301,1),
(9,5727,7001,1),
(10,5729,7601,1),
(11,5732,7102,1),
(12,5734,7402,1),
(13,5736,7702,1),
(14,5738,7102,1),
(15,5740,7402,1),
(16,5742,7502,1),
(17,5744,7202,1),
(18,5746,7302,1),
(19,5748,7002,1),
(20,5750,7602,1),
(21,5753,7103,1),
(22,5755,7403,1),
(23,5757,7703,1),
(24,5759,7103,1),
(25,5761,7403,1),
(26,5763,7503,1),
(27,5765,7203,1),
(28,5767,7303,1),
(29,5769,7003,1),
(30,5771,7603,1),
(31,5774,7104,1),
(32,5776,7404,1),
(33,5778,7704,1),
(34,5780,7104,1),
(35,5782,7404,1),
(36,5784,7504,1),
(37,5786,7204,1),
(38,5788,7304,1),
(39,5790,7004,1),
(40,5792,7604,1),
(41,5795,7105,1),
(42,5797,7405,1),
(43,5799,7705,1),
(44,5801,7105,1),
(45,5803,7405,1),
(46,5805,7505,1),
(47,5807,7205,1),
(48,5809,7305,1),
(49,5811,7005,1),
(50,5813,7605,1),
(51,5816,7106,1),
(52,5818,7406,1),
(53,5820,7706,1),
(54,5822,7106,1),
(55,5824,7406,1),
(56,5826,7506,1),
(57,5828,7206,1),
(58,5830,7306,1),
(59,5832,7006,1),
(60,5834,7606,1),
(61,5837,7107,1),
(62,5839,7407,1),
(63,5841,7707,1),
(64,5843,7107,1),
(65,5845,7407,1),
(66,5847,7507,1),
(67,5849,7207,1),
(68,5851,7307,1),
(69,5853,7007,1),
(70,5855,7607,1),
(71,5858,7108,1),
(72,5860,7408,1),
(73,5862,7708,1),
(74,5864,7108,1),
(75,5866,7408,1),
(76,5868,7508,1),
(77,5870,7208,1),
(78,5872,7308,1),
(79,5874,7008,1),
(80,5876,7608,1),
(81,5879,7109,1),
(82,5881,7409,1),
(83,5883,7709,1),
(84,5885,7109,1),
(85,5887,7409,1),
(86,5889,7509,1),
(87,5891,7209,1),
(88,5893,7309,1),
(89,5895,7009,1),
(90,5897,7609,1),
(91,5900,7110,1),
(92,5902,7410,1),
(93,5904,7710,1),
(94,5906,7110,1),
(95,5908,7410,1),
(96,5910,7510,1),
(97,5912,7210,1),
(98,5914,7310,1),
(99,5916,7010,1),
(100,5918,7610,1),
(101,6012,7111,1),
(102,6015,7411,1),
(103,6018,7711,1),
(104,6021,7111,1),
(105,6024,7411,1),
(106,6027,7511,1),
(107,6030,7211,1),
(108,6033,7311,1),
(109,6036,7011,1),
(110,6039,7611,1),
(111,6042,7112,1),
(112,6045,7412,1),
(113,6048,7712,1),
(114,6051,7112,1),
(115,6054,7412,1),
(116,6057,7512,1),
(117,6060,7212,1),
(118,6063,7312,1),
(119,6066,7012,1),
(120,6069,7612,1),
(121,6500,7113,1),
(122,6501,7413,1),
(123,6502,7713,1),
(124,6503,7113,1),
(125,6504,7413,1),
(126,6505,7513,1),
(127,6506,7213,1),
(128,6507,7313,1),
(129,6508,7013,1),
(130,6509,7613,1),
(131,6510,7114,1),
(132,6511,7414,1),
(133,6512,7714,1),
(134,6513,7114,1),
(135,6514,7414,1),
(136,6515,7514,1),
(137,6516,7214,1),
(138,6517,7314,1),
(139,6518,7014,1),
(140,6519,7614,1);
