INSERT INTO `tuzhi` VALUES
(10001,3,'天机晶核1',2,0,1),
(10002,3,'天机晶核2',3,1,2),
(10003,3,'天机晶核3',4,2,3),
(10004,3,'天机晶核4',5,3,4),
(10005,3,'天机晶核5',2,4,5),
(10006,3,'天机晶核6',3,5,6),
(10007,3,'天机晶核7',4,0,7),
(10008,3,'天机晶核8',5,0,8),
(10009,3,'天机晶核9',2,0,9),
(10010,3,'天机晶核10',3,0,10),
(10011,3,'天机晶核11',4,11,11),
(10012,3,'天机晶核12',5,12,12),
(10013,3,'天机晶核13',2,13,13),
(10014,3,'天机晶核14',3,14,14),
(10015,3,'天机晶核15',4,15,15),
(10016,3,'天机晶核16',5,16,16),
(10017,3,'天机晶核17',2,17,17),
(10018,3,'天机晶核18',3,18,18),
(10019,3,'天机晶核19',4,19,19),
(10020,3,'天机晶核20',5,20,20),
(10021,3,'天机晶核21',2,21,21),
(10022,3,'天机晶核22',3,22,22),
(10023,3,'天机晶核23',4,23,23),
(10024,3,'天机晶核24',5,24,24),
(10025,3,'天机晶核25',2,25,25),
(10026,3,'天机晶核26',3,26,26),
(10027,3,'天机晶核27',4,27,27),
(10028,3,'天机晶核28',5,28,28),
(10029,3,'天机晶核29',2,29,29),
(10030,3,'天机晶核30',3,30,30),
(10031,3,'天机晶核31',4,31,31),
(10032,3,'天机晶核32',5,32,32),
(10033,3,'天机晶核33',2,33,33),
(10034,3,'天机晶核34',3,34,34),
(10035,3,'天机晶核35',4,35,35),
(10036,3,'天机晶核36',5,36,36),
(10037,3,'天机晶核37',2,37,37),
(10038,3,'天机晶核38',3,38,38),
(10039,3,'天机晶核39',4,39,39),
(10040,3,'天机晶核40',5,40,40),
(10041,3,'天机晶核41',2,41,41),
(10042,3,'天机晶核42',3,42,42),
(10043,3,'天机晶核43',4,43,43),
(10044,3,'天机晶核44',5,44,44),
(10045,3,'天机晶核45',2,45,45),
(10046,3,'天机晶核46',3,46,46),
(10047,3,'天机晶核47',4,47,47),
(10048,3,'天机晶核48',5,48,48),
(10049,3,'天机晶核49',2,49,49),
(10050,3,'天机晶核50',3,50,50),
(10051,3,'天机晶核51',4,51,51),
(10052,3,'天机晶核52',5,52,52),
(10053,3,'天机晶核53',2,53,53),
(10054,3,'天机晶核54',3,54,54),
(10055,3,'天机晶核55',4,55,55),
(10056,3,'天机晶核56',5,56,56),
(10057,3,'天机晶核57',2,57,57),
(10058,3,'天机晶核58',3,58,58),
(10059,3,'天机晶核59',4,59,59),
(10060,3,'天机晶核60',5,60,60),
(10061,3,'天机晶核61',2,61,61),
(10062,3,'天机晶核62',3,62,62),
(10063,3,'天机晶核63',4,63,63),
(10064,3,'天机晶核64',5,64,64),
(10065,3,'天机晶核65',2,65,65),
(10066,3,'天机晶核66',3,66,66),
(10067,3,'天机晶核67',4,67,67),
(10068,3,'天机晶核68',5,68,68),
(10069,3,'天机晶核69',2,69,69),
(10070,3,'天机晶核70',3,70,70),
(10071,3,'天机晶核71',4,71,71),
(10072,3,'天机晶核72',5,72,72),
(10073,3,'天机晶核73',2,73,73),
(10074,3,'天机晶核74',3,74,74),
(10075,3,'天机晶核75',4,75,75),
(10076,3,'天机晶核76',5,76,76),
(10077,3,'天机晶核77',2,77,77),
(10078,3,'天机晶核78',3,78,78),
(10079,3,'天机晶核79',4,79,79),
(10080,3,'天机晶核80',5,80,80),
(10081,3,'天机晶核81',2,81,81),
(10082,3,'天机晶核82',3,82,82),
(10083,3,'天机晶核83',4,83,83),
(10084,3,'天机晶核84',5,84,84),
(10085,3,'天机晶核85',2,85,85),
(10086,3,'天机晶核86',3,86,86),
(10087,3,'天机晶核87',4,87,87),
(10088,3,'天机晶核88',5,88,88),
(10089,3,'天机晶核89',2,89,89),
(10090,3,'天机晶核90',3,90,90),
(10091,3,'天机晶核91',4,91,91),
(10092,3,'天机晶核92',5,92,92),
(10093,3,'天机晶核93',2,93,93),
(10094,3,'天机晶核94',3,94,94),
(10095,3,'天机晶核95',4,95,95),
(10096,3,'天机晶核96',5,96,96),
(10097,3,'天机晶核97',2,97,97),
(10098,3,'天机晶核98',3,98,98),
(10099,3,'天机晶核99',4,99,99),
(10100,3,'天机晶核100',5,100,100),
(20000,3,'天机晶核2000',2,0,0);
