INSERT INTO `xingchen` VALUES
(1,55,'擎雷星阵I',50,500,0.010000,0.010000,0.010000),
(2,55,'擎雷星阵II',60,600,0.020000,0.030000,0.020000),
(3,55,'擎雷星阵III',70,700,0.030000,0.050000,0.030000),
(4,55,'擎雷星阵IV',80,800,0.040000,0.070000,0.050000),
(5,55,'擎雷星阵V',90,900,0.050000,0.100000,0.070000),
(6,65,'拏云星阵I',100,1000,0.060000,0.140000,0.100000),
(7,65,'拏云星阵II',110,1100,0.070000,0.180000,0.130000),
(8,65,'拏云星阵III',120,1200,0.080000,0.220000,0.160000),
(9,65,'拏云星阵IV',130,1300,0.100000,0.260000,0.190000),
(10,65,'拏云星阵V',140,1400,0.120000,0.300000,0.220000),
(11,75,'斩月星阵I',150,1500,0.140000,0.350000,0.250000),
(12,75,'斩月星阵II',160,1600,0.160000,0.400000,0.290000),
(13,75,'斩月星阵III',170,1700,0.180000,0.450000,0.330000),
(14,75,'斩月星阵IV',180,1800,0.200000,0.500000,0.370000),
(15,75,'斩月星阵V',190,1900,0.220000,0.550000,0.410000),
(16,85,'震天星阵I',200,2000,0.240000,0.610000,0.450000),
(17,85,'震天星阵II',210,2100,0.260000,0.670000,0.500000),
(18,85,'震天星阵III',220,2200,0.280000,0.730000,0.550000),
(19,85,'震天星阵IV',230,2300,0.300000,0.790000,0.600000),
(20,85,'震天星阵V',240,2400,0.320000,0.850000,0.650000),
(21,95,'龙凰星阵I',250,2500,0.360000,0.940000,0.720000),
(22,95,'龙凰星阵II',260,2600,0.400000,1.030000,0.790000),
(23,95,'龙凰星阵III',270,2700,0.440000,1.120000,0.860000),
(24,95,'龙凰星阵IV',280,2800,0.480000,1.210000,0.930000),
(25,95,'龙凰星阵V',290,2900,0.520000,1.300000,1.000000);
