INSERT INTO `xinmo` VALUES
(0,80,'心魔·药老',1,50,0,0,0,0.000000,'0',0),
(1,80,'心魔·土灵',2,100,9,16,1,0.001000,'9701',0),
(2,80,'心魔·蟾蜍',3,160,19,33,2,0.003000,'9702',0),
(3,80,'心魔·雷音',4,220,29,50,3,0.005000,'9703',0),
(4,80,'心魔·谷辰',5,290,39,67,4,0.006000,'9704',0),
(5,80,'心魔·狮蝎',6,360,49,84,5,0.008000,'9705',0),
(6,80,'心魔·鹿清',7,440,59,101,6,0.010000,'9706',0),
(7,80,'心魔·狄人',8,520,69,118,7,0.011000,'9707',0),
(8,80,'心魔·秦朗',9,610,79,134,8,0.013000,'9708',0),
(9,80,'心魔·绿袍',10,700,89,152,9,0.015000,'9709',100),
(10,80,'心魔·慧明',11,800,100,170,10,0.017000,'9710',100),
(11,80,'心魔·慧能',12,900,112,190,11,0.019000,'9711',100),
(12,80,'心魔·五魔',13,1010,123,210,12,0.021000,'9712',100),
(13,80,'心魔·神鳄',14,1120,136,231,13,0.023000,'9713',200),
(14,80,'心魔·金须',15,1240,149,253,14,0.025000,'9714',200),
(15,80,'心魔·蛟龙',16,1360,162,276,15,0.027000,'9715',300),
(16,80,'心魔·朱洪',17,1490,176,299,16,0.029000,'9716',300),
(17,80,'心魔·陈潜',18,1620,191,324,17,0.032000,'9717',400),
(18,80,'心魔·陆浩',19,1760,206,350,18,0.035000,'9718',500),
(19,80,'心魔·无华',20,1900,222,377,19,0.037000,'9719',500),
(20,85,'心魔·书生',22,2050,239,405,20,0.040000,'9720',600),
(21,85,'心魔·虎姬',24,2210,256,434,21,0.043000,'9721',700),
(22,85,'心魔·四姑',26,2380,273,464,22,0.046000,'9722',800),
(23,85,'心魔·阴姬',28,2560,292,495,23,0.049000,'9723',900),
(24,85,'心魔·七指',30,2750,311,527,24,0.052000,'9724',1100),
(25,85,'心魔·血蟒',32,2950,331,561,25,0.056000,'9725',1200),
(26,85,'心魔·鬼蜥',34,3160,351,595,26,0.059000,'9726',1400),
(27,85,'心魔·妖狐',36,3380,372,631,27,0.063000,'9727',1600),
(28,85,'心魔·毕方',38,3610,394,668,28,0.066000,'9728',1800),
(29,85,'心魔·红发',40,3850,416,706,29,0.070000,'9729',2100),
(30,85,'心魔·灵威',42,4100,440,746,30,0.074000,'9730',2300),
(31,85,'心魔·战熊',44,4360,464,786,31,0.078000,'9731',2600),
(32,85,'心魔·鬼蛛',46,4630,488,828,33,0.082000,'9732',2900),
(33,85,'心魔·剑丸',48,4910,514,872,34,0.087000,'9733',3300),
(34,85,'心魔·五鬼',50,5200,540,916,36,0.091000,'9734',3600),
(35,90,'心魔·天魁',54,5500,567,962,38,0.096000,'9735',4000),
(36,90,'心魔·鄢什',58,5820,595,1009,40,0.100000,'9736',4500),
(37,90,'心魔·蛊母',62,6160,624,1058,42,0.105000,'9737',5000),
(38,90,'心魔·蜂群',66,6520,653,1108,44,0.110000,'9738',5600),
(39,90,'心魔·玄阴',70,6900,684,1160,46,0.116000,'9739',6300),
(40,90,'心魔·大圣',74,7300,715,1213,48,0.121000,'9740',7000),
(41,90,'心魔·妖尸',78,7720,747,1267,50,0.126000,'9741',7900),
(42,90,'心魔·红缨',82,8160,780,1323,52,0.132000,'9742',8800),
(43,90,'心魔·冰灵',86,8620,814,1380,55,0.138000,'9743',9700),
(44,90,'心魔·崔盈',90,9100,849,1439,57,0.143000,'9744',10800),
(45,90,'心魔·旗魂',94,9600,884,1500,60,0.150000,'9745',12000),
(46,90,'心魔·苍弥',98,10120,921,1562,62,0.156000,'9746',13300),
(47,90,'心魔·芝仙',102,10660,958,1625,65,0.162000,'9747',14700),
(48,90,'心魔·魔猿',106,11220,997,1690,67,0.169000,'9748',16100),
(49,90,'心魔·尊者',110,11800,1036,1757,70,0.175000,'9749',17700),
(50,95,'心魔·青龙',116,12400,1077,1825,73,0.182000,'9750',19500),
(51,95,'心魔·白虎',122,13030,1118,1896,75,0.189000,'9751',21400),
(52,95,'心魔·朱雀',128,13690,1160,1967,78,0.196000,'9752',23500),
(53,95,'心魔·玄武',134,14380,1204,2041,81,0.204000,'9753',25800),
(54,95,'心魔·覆海',140,15100,1248,2116,84,0.211000,'9754',28300),
(55,95,'心魔·修罗',146,15850,1293,2193,87,0.219000,'9755',31100),
(56,95,'心魔·冥火',152,16630,1340,2272,90,0.227000,'9756',34000),
(57,95,'心魔·勾魂',158,17440,1387,2352,94,0.235000,'9757',37200),
(58,95,'心魔·无常',164,18280,1436,2434,97,0.243000,'9758',40700),
(59,95,'心魔·紫霄',170,19150,1485,2518,100,0.251000,'9759',44400),
(60,95,'心魔·噬剑',176,20050,1536,2604,104,0.260000,'9760',48300),
(61,95,'心魔·妖剑',182,20980,1588,2692,107,0.269000,'9761',52600),
(62,95,'心魔·地魂',188,21940,1641,2782,111,0.278000,'9762',57100),
(63,95,'心魔·鬼符',194,22930,1695,2873,114,0.287000,'9763',61900),
(64,95,'心魔·幻灭',200,23950,1750,2967,118,0.296000,'9764',67000),
(65,100,'心魔·天枢',208,25000,1806,3062,122,0.306000,'9765',72400),
(66,100,'心魔·破戒',216,26090,1864,3159,126,0.315000,'9766',78300),
(67,100,'心魔·遗蜕',224,27220,1922,3259,130,0.325000,'9767',84700),
(68,100,'心魔·魔使',232,28390,1982,3360,134,0.336000,'9768',91400),
(69,100,'心魔·界兽',240,29600,2043,3463,138,0.346000,'9769',98700),
(70,100,'心魔·牛虱',248,30850,2105,3569,142,0.356000,'9770',106500),
(71,100,'心魔·力灭',256,32140,2168,3676,147,0.367000,'9771',114700),
(72,100,'心魔·狻猊',264,33470,2233,3786,151,0.378000,'9772',123500),
(73,100,'心魔·噬血',272,34840,2299,3897,155,0.389000,'9773',132800),
(74,100,'心魔·旱魃',280,36250,2366,4011,160,0.401000,'9774',142700),
(75,100,'心魔·金蟒',288,37700,2434,4127,165,0.412000,'9775',153100),
(76,100,'心魔·云兽',296,39190,2504,4245,169,0.424000,'9776',164100),
(77,100,'心魔·夜叉',304,40720,2575,4365,174,0.436000,'9777',175800),
(78,100,'心魔·刀王',312,42290,2647,4488,179,0.448000,'9778',188000),
(79,100,'心魔·教主',320,43900,2720,4612,184,0.461000,'9779',200900),
(80,105,'AAAAA',328,45550,2795,4739,189,0.473000,'9780',255000);
