INSERT INTO `zhenyuan_extraAttr` VALUES
(1,75,1,1,95),
(2,80,1,1,115),
(3,85,1,1,137),
(4,90,1,1,162),
(5,95,1,1,189),
(6,100,1,1,218),
(7,105,1,1,248),
(8,110,1,1,279),
(9,115,1,1,311),
(10,120,1,1,342),
(11,125,1,1,372),
(12,130,1,1,400),
(13,75,1,2,95),
(14,80,1,2,115),
(15,85,1,2,137),
(16,90,1,2,162),
(17,95,1,2,189),
(18,100,1,2,218),
(19,105,1,2,248),
(20,110,1,2,279),
(21,115,1,2,311),
(22,120,1,2,342),
(23,125,1,2,372),
(24,130,1,2,400),
(25,75,1,3,118),
(26,80,1,3,143),
(27,85,1,3,171),
(28,90,1,3,202),
(29,95,1,3,236),
(30,100,1,3,272),
(31,105,1,3,310),
(32,110,1,3,349),
(33,115,1,3,388),
(34,120,1,3,427),
(35,125,1,3,465),
(36,130,1,3,500),
(37,75,1,4,118),
(38,80,1,4,143),
(39,85,1,4,171),
(40,90,1,4,202),
(41,95,1,4,236),
(42,100,1,4,272),
(43,105,1,4,310),
(44,110,1,4,349),
(45,115,1,4,388),
(46,120,1,4,427),
(47,125,1,4,465),
(48,130,1,4,500),
(49,75,1,5,118),
(50,80,1,5,143),
(51,85,1,5,171),
(52,90,1,5,202),
(53,95,1,5,236),
(54,100,1,5,272),
(55,105,1,5,310),
(56,110,1,5,349),
(57,115,1,5,388),
(58,120,1,5,427),
(59,125,1,5,465),
(60,130,1,5,500),
(61,75,2,1,95),
(62,80,2,1,115),
(63,85,2,1,137),
(64,90,2,1,162),
(65,95,2,1,189),
(66,100,2,1,218),
(67,105,2,1,248),
(68,110,2,1,279),
(69,115,2,1,311),
(70,120,2,1,342),
(71,125,2,1,372),
(72,130,2,1,400),
(73,75,2,2,95),
(74,80,2,2,115),
(75,85,2,2,137),
(76,90,2,2,162),
(77,95,2,2,189),
(78,100,2,2,218),
(79,105,2,2,248),
(80,110,2,2,279),
(81,115,2,2,311),
(82,120,2,2,342),
(83,125,2,2,372),
(84,130,2,2,400),
(85,75,2,3,118),
(86,80,2,3,143),
(87,85,2,3,171),
(88,90,2,3,202),
(89,95,2,3,236),
(90,100,2,3,272),
(91,105,2,3,310),
(92,110,2,3,349),
(93,115,2,3,388),
(94,120,2,3,427),
(95,125,2,3,465),
(96,130,2,3,500),
(97,75,2,4,118),
(98,80,2,4,143),
(99,85,2,4,171),
(100,90,2,4,202),
(101,95,2,4,236),
(102,100,2,4,272),
(103,105,2,4,310),
(104,110,2,4,349),
(105,115,2,4,388),
(106,120,2,4,427),
(107,125,2,4,465),
(108,130,2,4,500),
(109,75,2,5,118),
(110,80,2,5,143),
(111,85,2,5,171),
(112,90,2,5,202),
(113,95,2,5,236),
(114,100,2,5,272),
(115,105,2,5,310),
(116,110,2,5,349),
(117,115,2,5,388),
(118,120,2,5,427),
(119,125,2,5,465),
(120,130,2,5,500),
(121,75,3,1,95),
(122,80,3,1,115),
(123,85,3,1,137),
(124,90,3,1,162),
(125,95,3,1,189),
(126,100,3,1,218),
(127,105,3,1,248),
(128,110,3,1,279),
(129,115,3,1,311),
(130,120,3,1,342),
(131,125,3,1,372),
(132,130,3,1,400),
(133,75,3,2,95),
(134,80,3,2,115),
(135,85,3,2,137),
(136,90,3,2,162),
(137,95,3,2,189),
(138,100,3,2,218),
(139,105,3,2,248),
(140,110,3,2,279),
(141,115,3,2,311),
(142,120,3,2,342),
(143,125,3,2,372),
(144,130,3,2,400),
(145,75,3,3,118),
(146,80,3,3,143),
(147,85,3,3,171),
(148,90,3,3,202),
(149,95,3,3,236),
(150,100,3,3,272),
(151,105,3,3,310),
(152,110,3,3,349),
(153,115,3,3,388),
(154,120,3,3,427),
(155,125,3,3,465),
(156,130,3,3,500),
(157,75,3,4,118),
(158,80,3,4,143),
(159,85,3,4,171),
(160,90,3,4,202),
(161,95,3,4,236),
(162,100,3,4,272),
(163,105,3,4,310),
(164,110,3,4,349),
(165,115,3,4,388),
(166,120,3,4,427),
(167,125,3,4,465),
(168,130,3,4,500),
(169,75,3,5,118),
(170,80,3,5,143),
(171,85,3,5,171),
(172,90,3,5,202),
(173,95,3,5,236),
(174,100,3,5,272),
(175,105,3,5,310),
(176,110,3,5,349),
(177,115,3,5,388),
(178,120,3,5,427),
(179,125,3,5,465),
(180,130,3,5,500),
(181,75,4,1,95),
(182,80,4,1,115),
(183,85,4,1,137),
(184,90,4,1,162),
(185,95,4,1,189),
(186,100,4,1,218),
(187,105,4,1,248),
(188,110,4,1,279),
(189,115,4,1,311),
(190,120,4,1,342),
(191,125,4,1,372),
(192,130,4,1,400),
(193,75,4,2,95),
(194,80,4,2,115),
(195,85,4,2,137),
(196,90,4,2,162),
(197,95,4,2,189),
(198,100,4,2,218),
(199,105,4,2,248),
(200,110,4,2,279),
(201,115,4,2,311),
(202,120,4,2,342),
(203,125,4,2,372),
(204,130,4,2,400),
(205,75,4,3,118),
(206,80,4,3,143),
(207,85,4,3,171),
(208,90,4,3,202),
(209,95,4,3,236),
(210,100,4,3,272),
(211,105,4,3,310),
(212,110,4,3,349),
(213,115,4,3,388),
(214,120,4,3,427),
(215,125,4,3,465),
(216,130,4,3,500),
(217,75,4,4,118),
(218,80,4,4,143),
(219,85,4,4,171),
(220,90,4,4,202),
(221,95,4,4,236),
(222,100,4,4,272),
(223,105,4,4,310),
(224,110,4,4,349),
(225,115,4,4,388),
(226,120,4,4,427),
(227,125,4,4,465),
(228,130,4,4,500),
(229,75,4,5,118),
(230,80,4,5,143),
(231,85,4,5,171),
(232,90,4,5,202),
(233,95,4,5,236),
(234,100,4,5,272),
(235,105,4,5,310),
(236,110,4,5,349),
(237,115,4,5,388),
(238,120,4,5,427),
(239,125,4,5,465),
(240,130,4,5,500),
(241,75,5,1,95),
(242,80,5,1,115),
(243,85,5,1,137),
(244,90,5,1,162),
(245,95,5,1,189),
(246,100,5,1,218),
(247,105,5,1,248),
(248,110,5,1,279),
(249,115,5,1,311),
(250,120,5,1,342),
(251,125,5,1,372),
(252,130,5,1,400),
(253,75,5,2,95),
(254,80,5,2,115),
(255,85,5,2,137),
(256,90,5,2,162),
(257,95,5,2,189),
(258,100,5,2,218),
(259,105,5,2,248),
(260,110,5,2,279),
(261,115,5,2,311),
(262,120,5,2,342),
(263,125,5,2,372),
(264,130,5,2,400),
(265,75,5,3,118),
(266,80,5,3,143),
(267,85,5,3,171),
(268,90,5,3,202),
(269,95,5,3,236),
(270,100,5,3,272),
(271,105,5,3,310),
(272,110,5,3,349),
(273,115,5,3,388),
(274,120,5,3,427),
(275,125,5,3,465),
(276,130,5,3,500),
(277,75,5,4,118),
(278,80,5,4,143),
(279,85,5,4,171),
(280,90,5,4,202),
(281,95,5,4,236),
(282,100,5,4,272),
(283,105,5,4,310),
(284,110,5,4,349),
(285,115,5,4,388),
(286,120,5,4,427),
(287,125,5,4,465),
(288,130,5,4,500),
(289,75,5,5,118),
(290,80,5,5,143),
(291,85,5,5,171),
(292,90,5,5,202),
(293,95,5,5,236),
(294,100,5,5,272),
(295,105,5,5,310),
(296,110,5,5,349),
(297,115,5,5,388),
(298,120,5,5,427),
(299,125,5,5,465),
(300,130,5,5,500);
