INSERT INTO `zhenwei` VALUES
(0,'name',0,0,0,0,0,0,0,0,0,0),
(1,'仁1',2,1,5,9,13,101,105,109,113,50001),
(2,'仁2',2,117,201,205,209,213,217,2,6,50005),
(3,'仁3',2,301,305,309,313,10,14,102,106,50009),
(4,'仁4',2,401,405,409,110,114,118,202,3,50002),
(5,'仁5',2,413,417,206,210,214,218,7,11,50006),
(6,'仁6',2,421,302,306,310,15,103,107,4,50010),
(7,'仁7',2,314,402,406,111,115,119,8,12,50003),
(8,'仁8',2,410,414,203,207,211,16,104,108,50007),
(9,'仁9',2,418,215,219,303,307,112,116,120,50011),
(10,'仁10',2,422,311,315,403,204,208,212,216,50004),
(11,'仁11',2,407,411,415,220,304,308,312,316,50008),
(12,'仁12',2,419,423,404,408,412,416,420,424,50012),
(13,'仁13',2,501,505,509,513,601,605,609,613,50013),
(14,'仁14',2,617,701,705,709,713,717,502,506,50017),
(15,'仁15',2,801,805,809,813,510,514,602,606,50021),
(16,'仁16',2,901,905,909,610,614,618,702,503,50014),
(17,'仁17',2,913,917,706,710,714,718,507,511,50018),
(18,'仁18',2,921,802,806,810,515,603,607,504,50022),
(19,'仁19',2,814,902,906,611,615,619,508,512,50015),
(20,'仁20',2,910,914,703,707,711,516,604,608,50019),
(21,'仁21',2,918,715,719,803,807,612,616,620,50023),
(22,'仁22',2,922,811,815,903,704,708,712,716,50016),
(23,'仁23',2,907,911,915,720,804,808,812,816,50020),
(24,'仁24',2,919,923,904,908,912,916,920,924,50024),
(25,'仁25',2,1001,1005,1009,1013,1101,1105,1109,1113,50025),
(26,'仁26',2,1117,1201,1205,1209,1213,1217,1002,1006,50029),
(27,'仁27',2,1301,1305,1309,1313,1010,1014,1102,1106,50033),
(28,'仁28',2,1401,1405,1409,1110,1114,1118,1202,1003,50026),
(29,'仁29',2,1413,1417,1206,1210,1214,1218,1007,1011,50030),
(30,'仁30',2,1421,1302,1306,1310,1015,1103,1107,1004,50034),
(31,'仁31',2,1314,1402,1406,1111,1115,1119,1008,1012,50027),
(32,'仁32',2,1410,1414,1203,1207,1211,1016,1104,1108,50031),
(33,'仁33',2,1418,1215,1219,1303,1307,1112,1116,1120,50035),
(34,'仁34',2,1422,1311,1315,1403,1204,1208,1212,1216,50028),
(35,'仁35',2,1407,1411,1415,1220,1304,1308,1312,1316,50032),
(36,'仁36',2,1419,1423,1404,1408,1412,1416,1420,1424,50036),
(37,'仁37',2,1501,1505,1509,1513,1601,1605,1609,1613,50037),
(38,'仁38',2,1617,1701,1705,1709,1713,1717,1502,1506,50041),
(39,'仁39',2,1801,1805,1809,1813,1510,1514,1602,1606,50045),
(40,'仁40',2,1901,1905,1909,1610,1614,1618,1702,1503,50038),
(41,'仁41',2,1913,1917,1706,1710,1714,1718,1507,1511,50042),
(42,'仁42',2,1921,1802,1806,1810,1515,1603,1607,1504,50046),
(43,'仁43',2,1814,1902,1906,1611,1615,1619,1508,1512,50039),
(44,'仁44',2,1910,1914,1703,1707,1711,1516,1604,1608,50043),
(45,'仁45',2,1918,1715,1719,1803,1807,1612,1616,1620,50047),
(46,'仁46',2,1922,1811,1815,1903,1704,1708,1712,1716,50040),
(47,'仁47',2,1907,1911,1915,1720,1804,1808,1812,1816,50044),
(48,'仁48',2,1919,1923,1904,1908,1912,1916,1920,1924,50048);
